-1.900000000000000000e+01
-1.950000000000000000e+01
-1.933333333333333215e+01
-1.950000000000000000e+01
-1.960000000000000142e+01
-1.983333333333333215e+01
-1.985714285714285765e+01
-1.987500000000000000e+01
-1.977777777777777857e+01
-1.989999999999999858e+01
-2.000000000000000000e+01
-2.000000000000000000e+01
-2.007692307692307665e+01
-2.014285714285714235e+01
-2.019999999999999929e+01
-2.025000000000000000e+01
-2.023529411764705799e+01
-2.022222222222222143e+01
-2.021052631578947256e+01
-2.019999999999999929e+01
-2.023809523809523725e+01
-2.027272727272727337e+01
-2.021739130434782439e+01
-2.025000000000000000e+01
-2.023999999999999844e+01
-2.023076923076922995e+01
-2.025925925925925952e+01
-2.028571428571428470e+01
-2.027586206896551602e+01
-2.026666666666666572e+01
-2.029032258064516014e+01
-2.031250000000000000e+01
-2.033333333333333215e+01
-2.035294117647058698e+01
-2.025714285714285623e+01
-2.027777777777777857e+01
-2.029729729729729826e+01
-2.028947368421052744e+01
-2.020512820512820440e+01
-2.019999999999999929e+01
-2.019512195121951237e+01
-2.021428571428571530e+01
-2.023255813953488413e+01
-2.020454545454545325e+01
-2.022222222222222143e+01
-2.019565217391304301e+01
-2.021276595744680904e+01
-2.022916666666666785e+01
-2.018367346938775597e+01
-2.016000000000000014e+01
-2.013725490196078383e+01
-2.013461538461538325e+01
-2.013207547169811207e+01
-2.012962962962962976e+01
-2.010909090909090935e+01
-2.012500000000000000e+01
-2.010526315789473628e+01
-2.010344827586206762e+01
-2.010169491525423879e+01
-2.010000000000000142e+01
-2.011475409836065609e+01
-2.009677419354838790e+01
-2.009523809523809490e+01
-2.007812500000000000e+01
-2.007692307692307665e+01
-2.006060606060606233e+01
-2.004477611940298587e+01
-2.005882352941176450e+01
-2.005797101449275388e+01
-2.001428571428571601e+01
-1.998591549295774783e+01
-1.998611111111111072e+01
-2.000000000000000000e+01
-1.997297297297297192e+01
-1.993333333333333357e+01
-1.989473684210526372e+01
-1.988311688311688386e+01
-1.982051282051282115e+01
-1.981012658227848178e+01
-1.981250000000000000e+01
-1.976543209876543372e+01
-1.975609756097561132e+01
-1.977108433734939652e+01
-1.975000000000000000e+01
-1.969411764705882462e+01
-1.968604651162790731e+01
-1.970114942528735469e+01
-1.970454545454545325e+01
-1.970786516853932469e+01
-1.969999999999999929e+01
-1.969230769230769340e+01
-1.969565217391304301e+01
-1.968817204301075208e+01
-1.969148936170212849e+01
-1.967368421052631433e+01
-1.965625000000000000e+01
-1.967010309278350633e+01
-1.963265306122448806e+01
-1.962626262626262630e+01
-1.962999999999999901e+01
-1.962000000000000099e+01
-1.957999999999999829e+01
-1.955000000000000071e+01
-1.946000000000000085e+01
-1.942000000000000171e+01
-1.941000000000000014e+01
-1.937000000000000099e+01
-1.937999999999999901e+01
-1.928999999999999915e+01
-1.921999999999999886e+01
-1.907000000000000028e+01
-1.907000000000000028e+01
-1.891000000000000014e+01
-1.889000000000000057e+01
-1.887000000000000099e+01
-1.885999999999999943e+01
-1.869000000000000128e+01
-1.858999999999999986e+01
-1.857999999999999829e+01
-1.848000000000000043e+01
-1.848000000000000043e+01
-1.835000000000000142e+01
-1.835000000000000142e+01
-1.830999999999999872e+01
-1.807000000000000028e+01
-1.805000000000000071e+01
-1.801999999999999957e+01
-1.789000000000000057e+01
-1.773999999999999844e+01
-1.767999999999999972e+01
-1.764999999999999858e+01
-1.753000000000000114e+01
-1.751000000000000156e+01
-1.735000000000000142e+01
-1.735000000000000142e+01
-1.732000000000000028e+01
-1.728000000000000114e+01
-1.728000000000000114e+01
-1.728000000000000114e+01
-1.712999999999999901e+01
-1.714000000000000057e+01
-1.714000000000000057e+01
-1.696000000000000085e+01
-1.696999999999999886e+01
-1.675000000000000000e+01
-1.676000000000000156e+01
-1.673000000000000043e+01
-1.671999999999999886e+01
-1.657999999999999829e+01
-1.632999999999999829e+01
-1.626999999999999957e+01
-1.610000000000000142e+01
-1.610999999999999943e+01
-1.610999999999999943e+01
-1.594999999999999929e+01
-1.577999999999999936e+01
-1.556000000000000050e+01
-1.556000000000000050e+01
-1.551999999999999957e+01
-1.551999999999999957e+01
-1.525999999999999979e+01
-1.527999999999999936e+01
-1.516000000000000014e+01
-1.501999999999999957e+01
-1.501999999999999957e+01
-1.480000000000000071e+01
-1.477999999999999936e+01
-1.466000000000000014e+01
-1.466999999999999993e+01
-1.444999999999999929e+01
-1.432000000000000028e+01
-1.433000000000000007e+01
-1.425000000000000000e+01
-1.408999999999999986e+01
-1.398000000000000043e+01
-1.388000000000000078e+01
-1.369999999999999929e+01
-1.373000000000000043e+01
-1.344999999999999929e+01
-1.340000000000000036e+01
-1.343999999999999950e+01
-1.344999999999999929e+01
-1.326999999999999957e+01
-1.316000000000000014e+01
-1.297000000000000064e+01
-1.297000000000000064e+01
-1.291999999999999993e+01
-1.275999999999999979e+01
-1.257000000000000028e+01
-1.241000000000000014e+01
-1.241999999999999993e+01
-1.231000000000000050e+01
-1.203999999999999915e+01
-1.198000000000000043e+01
-1.191999999999999993e+01
-1.165000000000000036e+01
-1.156000000000000050e+01
-1.128999999999999915e+01
-1.108000000000000007e+01
-1.091999999999999993e+01
-1.089000000000000057e+01
-1.075999999999999979e+01
-1.053999999999999915e+01
-1.058999999999999986e+01
-1.047000000000000064e+01
-1.046000000000000085e+01
-1.027999999999999936e+01
-1.002999999999999936e+01
-9.890000000000000568e+00
-9.699999999999999289e+00
-9.669999999999999929e+00
-9.519999999999999574e+00
-9.380000000000000782e+00
-9.289999999999999147e+00
-9.019999999999999574e+00
-8.859999999999999432e+00
-8.820000000000000284e+00
-8.660000000000000142e+00
-8.599999999999999645e+00
-8.380000000000000782e+00
-8.109999999999999432e+00
-7.910000000000000142e+00
-7.620000000000000107e+00
-7.389999999999999680e+00
-7.500000000000000000e+00
-7.400000000000000355e+00
-7.030000000000000249e+00
-6.790000000000000036e+00
-6.849999999999999645e+00
-6.589999999999999858e+00
-6.490000000000000213e+00
-6.519999999999999574e+00
-6.480000000000000426e+00
-6.559999999999999609e+00
-6.559999999999999609e+00
-6.250000000000000000e+00
-6.240000000000000213e+00
-6.129999999999999893e+00
-6.030000000000000249e+00
-6.120000000000000107e+00
-6.019999999999999574e+00
-5.690000000000000391e+00
-5.849999999999999645e+00
-5.820000000000000284e+00
-5.719999999999999751e+00
-5.669999999999999929e+00
-5.580000000000000071e+00
-5.519999999999999574e+00
-5.519999999999999574e+00
-5.450000000000000178e+00
-5.490000000000000213e+00
-5.519999999999999574e+00
-5.490000000000000213e+00
-5.299999999999999822e+00
-5.150000000000000355e+00
-5.179999999999999716e+00
-5.200000000000000178e+00
-5.080000000000000071e+00
-4.799999999999999822e+00
-4.650000000000000355e+00
-4.580000000000000071e+00
-4.339999999999999858e+00
-4.120000000000000107e+00
-4.040000000000000036e+00
-3.740000000000000213e+00
-3.640000000000000124e+00
-3.330000000000000071e+00
-3.100000000000000089e+00
-2.850000000000000089e+00
-2.859999999999999876e+00
-2.770000000000000018e+00
-2.459999999999999964e+00
-2.220000000000000195e+00
-2.129999999999999893e+00
-1.989999999999999991e+00
-1.909999999999999920e+00
-1.750000000000000000e+00
-1.520000000000000018e+00
-1.489999999999999991e+00
-1.429999999999999938e+00
-1.280000000000000027e+00
-1.149999999999999911e+00
-9.499999999999999556e-01
-7.299999999999999822e-01
-6.300000000000000044e-01
-2.700000000000000178e-01
-5.000000000000000278e-02
2.999999999999999889e-02
1.499999999999999944e-01
2.999999999999999889e-01
6.500000000000000222e-01
8.399999999999999689e-01
9.399999999999999467e-01
1.159999999999999920e+00
1.439999999999999947e+00
1.489999999999999991e+00
1.719999999999999973e+00
1.729999999999999982e+00
1.889999999999999902e+00
2.049999999999999822e+00
2.330000000000000071e+00
2.500000000000000000e+00
2.450000000000000178e+00
2.810000000000000053e+00
3.009999999999999787e+00
3.319999999999999840e+00
3.379999999999999893e+00
3.479999999999999982e+00
3.560000000000000053e+00
3.640000000000000124e+00
3.779999999999999805e+00
3.979999999999999982e+00
4.030000000000000249e+00
4.330000000000000071e+00
4.360000000000000320e+00
4.559999999999999609e+00
4.709999999999999964e+00
4.860000000000000320e+00
5.190000000000000391e+00
5.240000000000000213e+00
5.379999999999999893e+00
5.400000000000000355e+00
5.450000000000000178e+00
5.559999999999999609e+00
5.759999999999999787e+00
6.030000000000000249e+00
6.040000000000000036e+00
6.070000000000000284e+00
6.330000000000000071e+00
6.339999999999999858e+00
6.599999999999999645e+00
6.889999999999999680e+00
7.209999999999999964e+00
7.530000000000000249e+00
7.849999999999999645e+00
7.919999999999999929e+00
8.250000000000000000e+00
8.500000000000000000e+00
8.769999999999999574e+00
9.089999999999999858e+00
9.400000000000000355e+00
9.490000000000000213e+00
9.890000000000000568e+00
1.025999999999999979e+01
1.035999999999999943e+01
1.068999999999999950e+01
1.094999999999999929e+01
1.125999999999999979e+01
1.148000000000000043e+01
1.150999999999999979e+01
1.174000000000000021e+01
1.199000000000000021e+01
1.233999999999999986e+01
1.252999999999999936e+01
1.259999999999999964e+01
1.283000000000000007e+01
1.300000000000000000e+01
1.328999999999999915e+01
1.333000000000000007e+01
1.358000000000000007e+01
1.366999999999999993e+01
1.384999999999999964e+01
1.383000000000000007e+01
1.398000000000000043e+01
1.408999999999999986e+01
1.409999999999999964e+01
1.414000000000000057e+01
1.418999999999999950e+01
1.433000000000000007e+01
1.448000000000000043e+01
1.458999999999999986e+01
1.461999999999999922e+01
1.469999999999999929e+01
1.478999999999999915e+01
1.482000000000000028e+01
1.500000000000000000e+01
1.501999999999999957e+01
1.515000000000000036e+01
1.521000000000000085e+01
1.550000000000000000e+01
1.569999999999999929e+01
1.596000000000000085e+01
1.600000000000000000e+01
1.605000000000000071e+01
1.610000000000000142e+01
1.607000000000000028e+01
1.614000000000000057e+01
1.628000000000000114e+01
1.635000000000000142e+01
1.642000000000000171e+01
1.648000000000000043e+01
1.658999999999999986e+01
1.662000000000000099e+01
1.673000000000000043e+01
1.676000000000000156e+01
1.682999999999999829e+01
1.692999999999999972e+01
1.701000000000000156e+01
1.701999999999999957e+01
1.708999999999999986e+01
1.714999999999999858e+01
1.721000000000000085e+01
1.739999999999999858e+01
1.739000000000000057e+01
1.744000000000000128e+01
1.751999999999999957e+01
1.764000000000000057e+01
1.769999999999999929e+01
1.778000000000000114e+01
1.783999999999999986e+01
1.792999999999999972e+01
1.796999999999999886e+01
1.798999999999999844e+01
1.798999999999999844e+01
1.807000000000000028e+01
1.810999999999999943e+01
1.816000000000000014e+01
1.816000000000000014e+01
1.816000000000000014e+01
1.819999999999999929e+01
1.819999999999999929e+01
1.826999999999999957e+01
1.830999999999999872e+01
1.832999999999999829e+01
1.837999999999999901e+01
1.837999999999999901e+01
1.837000000000000099e+01
1.839000000000000057e+01
1.842999999999999972e+01
1.848999999999999844e+01
1.851999999999999957e+01
1.853000000000000114e+01
1.853999999999999915e+01
1.848999999999999844e+01
1.851999999999999957e+01
1.851999999999999957e+01
1.855999999999999872e+01
1.860000000000000142e+01
1.858999999999999986e+01
1.855999999999999872e+01
1.855000000000000071e+01
1.851999999999999957e+01
1.851000000000000156e+01
1.851999999999999957e+01
1.848999999999999844e+01
1.846999999999999886e+01
1.842000000000000171e+01
1.844999999999999929e+01
1.848000000000000043e+01
1.851000000000000156e+01
1.864000000000000057e+01
1.864000000000000057e+01
1.864999999999999858e+01
1.867999999999999972e+01
1.869000000000000128e+01
1.867999999999999972e+01
1.869999999999999929e+01
1.869000000000000128e+01
1.871999999999999886e+01
1.869999999999999929e+01
1.867999999999999972e+01
1.864000000000000057e+01
1.871000000000000085e+01
1.873999999999999844e+01
1.873999999999999844e+01
1.876999999999999957e+01
1.880000000000000071e+01
1.880000000000000071e+01
1.876000000000000156e+01
1.878000000000000114e+01
1.878999999999999915e+01
1.882999999999999829e+01
1.878999999999999915e+01
1.882999999999999829e+01
1.891000000000000014e+01
1.891000000000000014e+01
1.894999999999999929e+01
1.898000000000000043e+01
1.898000000000000043e+01
1.896999999999999886e+01
1.901999999999999957e+01
1.901999999999999957e+01
1.898000000000000043e+01
1.898999999999999844e+01
1.894999999999999929e+01
1.898000000000000043e+01
1.900000000000000000e+01
1.903000000000000114e+01
1.905000000000000071e+01
1.903000000000000114e+01
1.903000000000000114e+01
1.903000000000000114e+01
1.901000000000000156e+01
1.903000000000000114e+01
1.901000000000000156e+01
1.898999999999999844e+01
1.898999999999999844e+01
1.896000000000000085e+01
1.898000000000000043e+01
1.896000000000000085e+01
1.892999999999999972e+01
1.892999999999999972e+01
1.894000000000000128e+01
1.896000000000000085e+01
1.896000000000000085e+01
1.896000000000000085e+01
1.894999999999999929e+01
1.892999999999999972e+01
1.892999999999999972e+01
1.894000000000000128e+01
1.894999999999999929e+01
1.894999999999999929e+01
1.896000000000000085e+01
1.892999999999999972e+01
1.892999999999999972e+01
1.892999999999999972e+01
1.892999999999999972e+01
1.892000000000000171e+01
1.891000000000000014e+01
1.889999999999999858e+01
1.891000000000000014e+01
1.889999999999999858e+01
1.889999999999999858e+01
1.889000000000000057e+01
1.885999999999999943e+01
1.887000000000000099e+01
1.887999999999999901e+01
1.887999999999999901e+01
1.889999999999999858e+01
1.889999999999999858e+01
1.887999999999999901e+01
1.889000000000000057e+01
1.892000000000000171e+01
1.898000000000000043e+01
1.898999999999999844e+01
1.896999999999999886e+01
1.896999999999999886e+01
1.896000000000000085e+01
1.896999999999999886e+01
1.901000000000000156e+01
1.901999999999999957e+01
1.903000000000000114e+01
1.901999999999999957e+01
1.901000000000000156e+01
1.901999999999999957e+01
1.905000000000000071e+01
1.910000000000000142e+01
1.908999999999999986e+01
1.905999999999999872e+01
1.903999999999999915e+01
1.901000000000000156e+01
1.898000000000000043e+01
1.900000000000000000e+01
1.898999999999999844e+01
1.898999999999999844e+01
1.901000000000000156e+01
1.900000000000000000e+01
1.898999999999999844e+01
1.898000000000000043e+01
1.898999999999999844e+01
1.901000000000000156e+01
1.903000000000000114e+01
1.903000000000000114e+01
1.901999999999999957e+01
1.901000000000000156e+01
1.901999999999999957e+01
1.898999999999999844e+01
1.898999999999999844e+01
1.905000000000000071e+01
1.901999999999999957e+01
1.905999999999999872e+01
1.910000000000000142e+01
1.914999999999999858e+01
1.914000000000000057e+01
1.914999999999999858e+01
1.912999999999999901e+01
1.910999999999999943e+01
1.908999999999999986e+01
1.912000000000000099e+01
1.912999999999999901e+01
1.914000000000000057e+01
1.916000000000000014e+01
1.917000000000000171e+01
1.916000000000000014e+01
1.919999999999999929e+01
1.921999999999999886e+01
1.926000000000000156e+01
1.925000000000000000e+01
1.925000000000000000e+01
1.928000000000000114e+01
1.926000000000000156e+01
1.923999999999999844e+01
1.923999999999999844e+01
1.923999999999999844e+01
1.926999999999999957e+01
1.928000000000000114e+01
1.923999999999999844e+01
1.928000000000000114e+01
1.926000000000000156e+01
1.928000000000000114e+01
1.932000000000000028e+01
1.930999999999999872e+01
1.930000000000000071e+01
1.926999999999999957e+01
1.923000000000000043e+01
1.923000000000000043e+01
1.923999999999999844e+01
1.926000000000000156e+01
1.926000000000000156e+01
1.923000000000000043e+01
1.919999999999999929e+01
1.919000000000000128e+01
1.919999999999999929e+01
1.923000000000000043e+01
1.923999999999999844e+01
1.921000000000000085e+01
1.912999999999999901e+01
1.912999999999999901e+01
1.914000000000000057e+01
1.912999999999999901e+01
1.912999999999999901e+01
1.914000000000000057e+01
1.912999999999999901e+01
1.914000000000000057e+01
1.919000000000000128e+01
1.919999999999999929e+01
1.919999999999999929e+01
1.914999999999999858e+01
1.914000000000000057e+01
1.914999999999999858e+01
1.914999999999999858e+01
1.914999999999999858e+01
1.914000000000000057e+01
1.914000000000000057e+01
1.914999999999999858e+01
1.916000000000000014e+01
1.914999999999999858e+01
1.916000000000000014e+01
1.917000000000000171e+01
1.919000000000000128e+01
1.917999999999999972e+01
1.916000000000000014e+01
1.917000000000000171e+01
1.917999999999999972e+01
1.919000000000000128e+01
1.921000000000000085e+01
1.923000000000000043e+01
1.923999999999999844e+01
1.926000000000000156e+01
1.928000000000000114e+01
1.932000000000000028e+01
1.937000000000000099e+01
1.937000000000000099e+01
1.935000000000000142e+01
1.933999999999999986e+01
1.937000000000000099e+01
1.935000000000000142e+01
1.935000000000000142e+01
1.937000000000000099e+01
1.935000000000000142e+01
1.933999999999999986e+01
1.933999999999999986e+01
1.935000000000000142e+01
1.935000000000000142e+01
1.933999999999999986e+01
1.935999999999999943e+01
1.935000000000000142e+01
1.933999999999999986e+01
1.930999999999999872e+01
1.930999999999999872e+01
1.928000000000000114e+01
1.928000000000000114e+01
1.928000000000000114e+01
1.928000000000000114e+01
1.923000000000000043e+01
1.925000000000000000e+01
1.925000000000000000e+01
1.926000000000000156e+01
1.923999999999999844e+01
1.925000000000000000e+01
1.917999999999999972e+01
1.917999999999999972e+01
1.921000000000000085e+01
1.917999999999999972e+01
1.917999999999999972e+01
1.917999999999999972e+01
1.917000000000000171e+01
1.914000000000000057e+01
1.910999999999999943e+01
1.910000000000000142e+01
1.910999999999999943e+01
1.907000000000000028e+01
1.907999999999999829e+01
1.905999999999999872e+01
1.905000000000000071e+01
1.903999999999999915e+01
1.905000000000000071e+01
1.903000000000000114e+01
1.903000000000000114e+01
1.901999999999999957e+01
1.901000000000000156e+01
1.900000000000000000e+01
1.900000000000000000e+01
1.901999999999999957e+01
1.903999999999999915e+01
1.903000000000000114e+01
1.901999999999999957e+01
1.901000000000000156e+01
1.900000000000000000e+01
1.901000000000000156e+01
1.898000000000000043e+01
1.900000000000000000e+01
1.903000000000000114e+01
1.903000000000000114e+01
1.901000000000000156e+01
1.903999999999999915e+01
1.910999999999999943e+01
1.912000000000000099e+01
1.910999999999999943e+01
1.908999999999999986e+01
1.907999999999999829e+01
1.905999999999999872e+01
1.907000000000000028e+01
1.907000000000000028e+01
1.905999999999999872e+01
1.905999999999999872e+01
1.905999999999999872e+01
1.907999999999999829e+01
1.907000000000000028e+01
1.907999999999999829e+01
1.908999999999999986e+01
1.908999999999999986e+01
1.907000000000000028e+01
1.903999999999999915e+01
1.903999999999999915e+01
1.905000000000000071e+01
1.903000000000000114e+01
1.903000000000000114e+01
1.901999999999999957e+01
1.901000000000000156e+01
1.900000000000000000e+01
1.901999999999999957e+01
1.898000000000000043e+01
1.896999999999999886e+01
1.896000000000000085e+01
1.892999999999999972e+01
1.892999999999999972e+01
1.892999999999999972e+01
1.889999999999999858e+01
1.889999999999999858e+01
1.887999999999999901e+01
1.887000000000000099e+01
1.887999999999999901e+01
1.891000000000000014e+01
1.892000000000000171e+01
1.892000000000000171e+01
1.894999999999999929e+01
1.894999999999999929e+01
1.891000000000000014e+01
1.894999999999999929e+01
1.892999999999999972e+01
1.894000000000000128e+01
1.892999999999999972e+01
1.892999999999999972e+01
1.892000000000000171e+01
1.891000000000000014e+01
1.892999999999999972e+01
1.894000000000000128e+01
1.896999999999999886e+01
1.896999999999999886e+01
1.898999999999999844e+01
1.898999999999999844e+01
1.898000000000000043e+01
1.898999999999999844e+01
1.901999999999999957e+01
1.901000000000000156e+01
1.898999999999999844e+01
1.898000000000000043e+01
1.900000000000000000e+01
1.898000000000000043e+01
1.903999999999999915e+01
1.903999999999999915e+01
1.901999999999999957e+01
1.903000000000000114e+01
1.903000000000000114e+01
1.903999999999999915e+01
1.905000000000000071e+01
1.907000000000000028e+01
1.910000000000000142e+01
1.908999999999999986e+01
1.908999999999999986e+01
1.912999999999999901e+01
1.910999999999999943e+01
1.910000000000000142e+01
1.907999999999999829e+01
1.907000000000000028e+01
1.908999999999999986e+01
1.908999999999999986e+01
1.908999999999999986e+01
1.910000000000000142e+01
1.910000000000000142e+01
1.910999999999999943e+01
1.907000000000000028e+01
1.905000000000000071e+01
1.905000000000000071e+01
1.901999999999999957e+01
1.903000000000000114e+01
1.903000000000000114e+01
1.903999999999999915e+01
1.905999999999999872e+01
1.912000000000000099e+01
1.910999999999999943e+01
1.910000000000000142e+01
1.910000000000000142e+01
1.910999999999999943e+01
1.910999999999999943e+01
1.910999999999999943e+01
1.910999999999999943e+01
1.912000000000000099e+01
1.914000000000000057e+01
1.912999999999999901e+01
1.914999999999999858e+01
1.916000000000000014e+01
1.917999999999999972e+01
1.919000000000000128e+01
1.917000000000000171e+01
1.917999999999999972e+01
1.917999999999999972e+01
1.917999999999999972e+01
1.917000000000000171e+01
1.916000000000000014e+01
1.917000000000000171e+01
1.919000000000000128e+01
1.921999999999999886e+01
1.921000000000000085e+01
1.921000000000000085e+01
1.923000000000000043e+01
1.921999999999999886e+01
1.921999999999999886e+01
1.921000000000000085e+01
1.923999999999999844e+01
1.923999999999999844e+01
1.928999999999999915e+01
1.928999999999999915e+01
1.928000000000000114e+01
1.930999999999999872e+01
1.928999999999999915e+01
1.928999999999999915e+01
1.932000000000000028e+01
1.932999999999999829e+01
1.933999999999999986e+01
1.932000000000000028e+01
1.930000000000000071e+01
1.928000000000000114e+01
1.928999999999999915e+01
1.930000000000000071e+01
1.928999999999999915e+01
1.930999999999999872e+01
1.935000000000000142e+01
1.933999999999999986e+01
1.935999999999999943e+01
1.932999999999999829e+01
1.932999999999999829e+01
1.932000000000000028e+01
1.933999999999999986e+01
1.932999999999999829e+01
1.932000000000000028e+01
1.932000000000000028e+01
1.928999999999999915e+01
1.928000000000000114e+01
1.928000000000000114e+01
1.926999999999999957e+01
1.928000000000000114e+01
1.926000000000000156e+01
1.928000000000000114e+01
1.930000000000000071e+01
1.932999999999999829e+01
1.933999999999999986e+01
1.930999999999999872e+01
1.932000000000000028e+01
1.932000000000000028e+01
1.932000000000000028e+01
1.932999999999999829e+01
1.932000000000000028e+01
1.933999999999999986e+01
1.933999999999999986e+01
1.935000000000000142e+01
1.932000000000000028e+01
1.930000000000000071e+01
1.930999999999999872e+01
1.930000000000000071e+01
1.930999999999999872e+01
1.932000000000000028e+01
1.932000000000000028e+01
1.933999999999999986e+01
1.933999999999999986e+01
1.932000000000000028e+01
1.933999999999999986e+01
1.935000000000000142e+01
1.935999999999999943e+01
1.935999999999999943e+01
1.935000000000000142e+01
1.937000000000000099e+01
1.939000000000000057e+01
1.939999999999999858e+01
1.942999999999999972e+01
1.942000000000000171e+01
1.941000000000000014e+01
1.941000000000000014e+01
1.941000000000000014e+01
1.939000000000000057e+01
1.939000000000000057e+01
1.937999999999999901e+01
1.935000000000000142e+01
1.937000000000000099e+01
1.937000000000000099e+01
1.937000000000000099e+01
1.935000000000000142e+01
1.935999999999999943e+01
1.937000000000000099e+01
1.937999999999999901e+01
1.937000000000000099e+01
1.935999999999999943e+01
1.935000000000000142e+01
1.935999999999999943e+01
1.937000000000000099e+01
1.933999999999999986e+01
1.937000000000000099e+01
1.939000000000000057e+01
1.939000000000000057e+01
1.939999999999999858e+01
1.939999999999999858e+01
1.939000000000000057e+01
1.939000000000000057e+01
1.939000000000000057e+01
1.939999999999999858e+01
1.939000000000000057e+01
1.939000000000000057e+01
1.939000000000000057e+01
1.939000000000000057e+01
1.937999999999999901e+01
1.939999999999999858e+01
1.935999999999999943e+01
1.933999999999999986e+01
1.935000000000000142e+01
1.933999999999999986e+01
1.935000000000000142e+01
1.933999999999999986e+01
1.932999999999999829e+01
1.933999999999999986e+01
1.933999999999999986e+01
1.933999999999999986e+01
1.935000000000000142e+01
1.935999999999999943e+01
1.932999999999999829e+01
1.930999999999999872e+01
1.932000000000000028e+01
1.928999999999999915e+01
1.928999999999999915e+01
1.928999999999999915e+01
1.928000000000000114e+01
1.930999999999999872e+01
1.930000000000000071e+01
1.926999999999999957e+01
1.928000000000000114e+01
1.928999999999999915e+01
1.932000000000000028e+01
1.932000000000000028e+01
1.932999999999999829e+01
1.935000000000000142e+01
1.935999999999999943e+01
1.932999999999999829e+01
1.933999999999999986e+01
1.937000000000000099e+01
1.932999999999999829e+01
1.932999999999999829e+01
1.930999999999999872e+01
1.932000000000000028e+01
1.933999999999999986e+01
1.932000000000000028e+01
1.932000000000000028e+01
1.928999999999999915e+01
1.930000000000000071e+01
1.930000000000000071e+01
1.926999999999999957e+01
1.926000000000000156e+01
1.926000000000000156e+01
1.928999999999999915e+01
1.930000000000000071e+01
1.928000000000000114e+01
1.928999999999999915e+01
1.928000000000000114e+01
1.926999999999999957e+01
1.928000000000000114e+01
1.928999999999999915e+01
1.930999999999999872e+01
1.932999999999999829e+01
1.930999999999999872e+01
1.930000000000000071e+01
1.930000000000000071e+01
1.932000000000000028e+01
1.933999999999999986e+01
1.935000000000000142e+01
1.935999999999999943e+01
1.933999999999999986e+01
1.935000000000000142e+01
1.935000000000000142e+01
1.935000000000000142e+01
1.935000000000000142e+01
1.935000000000000142e+01
1.935000000000000142e+01
1.933999999999999986e+01
1.935000000000000142e+01
1.937000000000000099e+01
1.935999999999999943e+01
1.933999999999999986e+01
1.932999999999999829e+01
1.933999999999999986e+01
1.932000000000000028e+01
1.930999999999999872e+01
1.930999999999999872e+01
1.928999999999999915e+01
1.928000000000000114e+01
1.926000000000000156e+01
1.925000000000000000e+01
1.925000000000000000e+01
1.923999999999999844e+01
1.923000000000000043e+01
1.919999999999999929e+01
1.919000000000000128e+01
1.919000000000000128e+01
1.919000000000000128e+01
1.912999999999999901e+01
1.912000000000000099e+01
1.912999999999999901e+01
1.912000000000000099e+01
1.912999999999999901e+01
1.914999999999999858e+01
1.912999999999999901e+01
1.914000000000000057e+01
1.912000000000000099e+01
1.910000000000000142e+01
1.912000000000000099e+01
1.912999999999999901e+01
1.914999999999999858e+01
1.908999999999999986e+01
1.910999999999999943e+01
1.912999999999999901e+01
1.914999999999999858e+01
1.914999999999999858e+01
1.917000000000000171e+01
1.919000000000000128e+01
1.919999999999999929e+01
1.919999999999999929e+01
1.917000000000000171e+01
1.917000000000000171e+01
1.914999999999999858e+01
1.914999999999999858e+01
1.914999999999999858e+01
1.914000000000000057e+01
1.912999999999999901e+01
1.910999999999999943e+01
1.912000000000000099e+01
1.917000000000000171e+01
1.912999999999999901e+01
1.914999999999999858e+01
1.914000000000000057e+01
1.914999999999999858e+01
1.912999999999999901e+01
1.912999999999999901e+01
1.912000000000000099e+01
1.914999999999999858e+01
1.912999999999999901e+01
1.910000000000000142e+01
1.912999999999999901e+01
1.910999999999999943e+01
1.912999999999999901e+01
1.912999999999999901e+01
1.912999999999999901e+01
1.916000000000000014e+01
1.914000000000000057e+01
1.917000000000000171e+01
1.916000000000000014e+01
1.917999999999999972e+01
1.919999999999999929e+01
1.921000000000000085e+01
1.921000000000000085e+01
1.923000000000000043e+01
1.923999999999999844e+01
1.926999999999999957e+01
1.921999999999999886e+01
1.923000000000000043e+01
1.923999999999999844e+01
1.926000000000000156e+01
1.926999999999999957e+01
1.928000000000000114e+01
1.928000000000000114e+01
1.928000000000000114e+01
1.928000000000000114e+01
1.928000000000000114e+01
1.926000000000000156e+01
1.925000000000000000e+01
1.925000000000000000e+01
1.923999999999999844e+01
1.926999999999999957e+01
1.928000000000000114e+01
1.926999999999999957e+01
1.930000000000000071e+01
1.926000000000000156e+01
1.923999999999999844e+01
1.923999999999999844e+01
1.926000000000000156e+01
1.926000000000000156e+01
1.928000000000000114e+01
1.928000000000000114e+01
1.928000000000000114e+01
1.926000000000000156e+01
1.926000000000000156e+01
1.926999999999999957e+01
1.926999999999999957e+01
1.926999999999999957e+01
1.926000000000000156e+01
1.928999999999999915e+01
1.930999999999999872e+01
1.930999999999999872e+01
1.928999999999999915e+01
1.930999999999999872e+01
1.930999999999999872e+01
1.932000000000000028e+01
1.932000000000000028e+01
1.930000000000000071e+01
1.928999999999999915e+01
1.932999999999999829e+01
1.935000000000000142e+01
1.933999999999999986e+01
1.933999999999999986e+01
1.932999999999999829e+01
1.932000000000000028e+01
1.935000000000000142e+01
1.935000000000000142e+01
1.935000000000000142e+01
1.935000000000000142e+01
1.935000000000000142e+01
1.935000000000000142e+01
1.935000000000000142e+01
1.941000000000000014e+01
1.941000000000000014e+01
1.941000000000000014e+01
1.939000000000000057e+01
1.939000000000000057e+01
1.935000000000000142e+01
1.932000000000000028e+01
1.930999999999999872e+01
1.928999999999999915e+01
1.933999999999999986e+01
1.933999999999999986e+01
1.935000000000000142e+01
1.937999999999999901e+01
1.935999999999999943e+01
1.935999999999999943e+01
1.937000000000000099e+01
1.937999999999999901e+01
1.939999999999999858e+01
1.937000000000000099e+01
1.939999999999999858e+01
1.937000000000000099e+01
1.935000000000000142e+01
1.935000000000000142e+01
1.937000000000000099e+01
1.937999999999999901e+01
1.937000000000000099e+01
1.937000000000000099e+01
1.937000000000000099e+01
1.939000000000000057e+01
1.939999999999999858e+01
1.941000000000000014e+01
1.941000000000000014e+01
1.939999999999999858e+01
1.939999999999999858e+01
1.937999999999999901e+01
1.939000000000000057e+01
1.939000000000000057e+01
1.939000000000000057e+01
1.935999999999999943e+01
1.935999999999999943e+01
1.935999999999999943e+01
1.935000000000000142e+01
1.933999999999999986e+01
1.933999999999999986e+01
1.933999999999999986e+01
1.939000000000000057e+01
1.935999999999999943e+01
1.937999999999999901e+01
1.932999999999999829e+01
1.928000000000000114e+01
1.926000000000000156e+01
1.926000000000000156e+01
1.926999999999999957e+01
1.928000000000000114e+01
1.928000000000000114e+01
1.914999999999999858e+01
1.914999999999999858e+01
1.917000000000000171e+01
1.916000000000000014e+01
1.916000000000000014e+01
1.914999999999999858e+01
1.914999999999999858e+01
1.912999999999999901e+01
1.917000000000000171e+01
1.917999999999999972e+01
1.914000000000000057e+01
1.912999999999999901e+01
1.912000000000000099e+01
1.910999999999999943e+01
1.912000000000000099e+01
1.914000000000000057e+01
1.917999999999999972e+01
1.919000000000000128e+01
1.916000000000000014e+01
1.914000000000000057e+01
1.912999999999999901e+01
1.914000000000000057e+01
1.912999999999999901e+01
1.912999999999999901e+01
1.912999999999999901e+01
1.914999999999999858e+01
1.914999999999999858e+01
1.914000000000000057e+01
1.912999999999999901e+01
1.912999999999999901e+01
1.912000000000000099e+01
1.912999999999999901e+01
1.917000000000000171e+01
1.916000000000000014e+01
1.917000000000000171e+01
1.917000000000000171e+01
1.917999999999999972e+01
1.917999999999999972e+01
1.916000000000000014e+01
1.914999999999999858e+01
1.916000000000000014e+01
1.917000000000000171e+01
1.917000000000000171e+01
1.910000000000000142e+01
1.907999999999999829e+01
1.907999999999999829e+01
1.907999999999999829e+01
1.907000000000000028e+01
1.907999999999999829e+01
1.907999999999999829e+01
1.910000000000000142e+01
1.912999999999999901e+01
1.912000000000000099e+01
1.912000000000000099e+01
1.912000000000000099e+01
1.912999999999999901e+01
1.914000000000000057e+01
1.912999999999999901e+01
1.914999999999999858e+01
1.916000000000000014e+01
1.916000000000000014e+01
1.917000000000000171e+01
1.914999999999999858e+01
1.917999999999999972e+01
1.917999999999999972e+01
1.921000000000000085e+01
1.919000000000000128e+01
1.919000000000000128e+01
1.921999999999999886e+01
1.921999999999999886e+01
1.923999999999999844e+01
1.923000000000000043e+01
1.923999999999999844e+01
1.921999999999999886e+01
1.921000000000000085e+01
1.919999999999999929e+01
1.919999999999999929e+01
1.919000000000000128e+01
1.919999999999999929e+01
1.919999999999999929e+01
1.921000000000000085e+01
1.919000000000000128e+01
1.919000000000000128e+01
1.923999999999999844e+01
1.923000000000000043e+01
1.921000000000000085e+01
1.921999999999999886e+01
1.921000000000000085e+01
1.919999999999999929e+01
1.919999999999999929e+01
1.919000000000000128e+01
1.921999999999999886e+01
1.917000000000000171e+01
1.921000000000000085e+01
1.923999999999999844e+01
1.923000000000000043e+01
1.923999999999999844e+01
1.921999999999999886e+01
1.917000000000000171e+01
1.914000000000000057e+01
1.925000000000000000e+01
1.926000000000000156e+01
1.923000000000000043e+01
1.923999999999999844e+01
1.923000000000000043e+01
1.923999999999999844e+01
1.925000000000000000e+01
1.925000000000000000e+01
1.926000000000000156e+01
1.926999999999999957e+01
1.932999999999999829e+01
1.933999999999999986e+01
1.935000000000000142e+01
1.935000000000000142e+01
1.932999999999999829e+01
1.932999999999999829e+01
1.932000000000000028e+01
1.930999999999999872e+01
1.933999999999999986e+01
1.935000000000000142e+01
1.935999999999999943e+01
1.937999999999999901e+01
1.937000000000000099e+01
1.937000000000000099e+01
1.937000000000000099e+01
1.935999999999999943e+01
1.935999999999999943e+01
1.937999999999999901e+01
1.937999999999999901e+01
1.937999999999999901e+01
1.939000000000000057e+01
1.937999999999999901e+01
1.937000000000000099e+01
1.937000000000000099e+01
1.935999999999999943e+01
1.937000000000000099e+01
1.937000000000000099e+01
1.937000000000000099e+01
1.937999999999999901e+01
1.937000000000000099e+01
1.937000000000000099e+01
1.935999999999999943e+01
1.935999999999999943e+01
1.942000000000000171e+01
1.942000000000000171e+01
1.942999999999999972e+01
1.942000000000000171e+01
1.942000000000000171e+01
1.942999999999999972e+01
1.942000000000000171e+01
1.942999999999999972e+01
1.942000000000000171e+01
1.939999999999999858e+01
1.942000000000000171e+01
1.941000000000000014e+01
1.941000000000000014e+01
1.941000000000000014e+01
1.933999999999999986e+01
1.932999999999999829e+01
1.932000000000000028e+01
1.932999999999999829e+01
1.930999999999999872e+01
1.930999999999999872e+01
1.928999999999999915e+01
1.928999999999999915e+01
1.928999999999999915e+01
1.930999999999999872e+01
1.930999999999999872e+01
1.928999999999999915e+01
1.930000000000000071e+01
1.928999999999999915e+01
1.928999999999999915e+01
1.930000000000000071e+01
1.932000000000000028e+01
1.933999999999999986e+01
1.935000000000000142e+01
1.932999999999999829e+01
1.932999999999999829e+01
1.932999999999999829e+01
1.932000000000000028e+01
1.932999999999999829e+01
1.932000000000000028e+01
1.930000000000000071e+01
1.930000000000000071e+01
1.930000000000000071e+01
1.932999999999999829e+01
1.933999999999999986e+01
1.935999999999999943e+01
1.935999999999999943e+01
1.933999999999999986e+01
1.932000000000000028e+01
1.930999999999999872e+01
1.935000000000000142e+01
1.932999999999999829e+01
1.932999999999999829e+01
1.932999999999999829e+01
1.930999999999999872e+01
1.933999999999999986e+01
1.939000000000000057e+01
1.941000000000000014e+01
1.944000000000000128e+01
1.944000000000000128e+01
1.946000000000000085e+01
1.946000000000000085e+01
1.946999999999999886e+01
1.944000000000000128e+01
1.942999999999999972e+01
1.941000000000000014e+01
1.939000000000000057e+01
1.939999999999999858e+01
1.939000000000000057e+01
1.939000000000000057e+01
1.937999999999999901e+01
1.935999999999999943e+01
1.937000000000000099e+01
1.937000000000000099e+01
1.935999999999999943e+01
1.935999999999999943e+01
1.935000000000000142e+01
1.937000000000000099e+01
1.937000000000000099e+01
1.937000000000000099e+01
1.939000000000000057e+01
1.937999999999999901e+01
1.932999999999999829e+01
1.935000000000000142e+01
1.935000000000000142e+01
1.930000000000000071e+01
1.932000000000000028e+01
1.932000000000000028e+01
1.933999999999999986e+01
1.935000000000000142e+01
1.933999999999999986e+01
1.935000000000000142e+01
1.935000000000000142e+01
1.932999999999999829e+01
1.932000000000000028e+01
1.932000000000000028e+01
1.932999999999999829e+01
1.932999999999999829e+01
1.935000000000000142e+01
1.933999999999999986e+01
1.933999999999999986e+01
1.935000000000000142e+01
1.937000000000000099e+01
1.933999999999999986e+01
1.935999999999999943e+01
1.937000000000000099e+01
1.935000000000000142e+01
1.933999999999999986e+01
1.933999999999999986e+01
1.933999999999999986e+01
1.937000000000000099e+01
1.937000000000000099e+01
1.937999999999999901e+01
1.939000000000000057e+01
1.937999999999999901e+01
1.946000000000000085e+01
1.944000000000000128e+01
1.944999999999999929e+01
1.944999999999999929e+01
1.946000000000000085e+01
1.946999999999999886e+01
1.946999999999999886e+01
1.948000000000000043e+01
1.946000000000000085e+01
1.948000000000000043e+01
1.948999999999999844e+01
1.948999999999999844e+01
1.946999999999999886e+01
1.948000000000000043e+01
1.946999999999999886e+01
1.946000000000000085e+01
1.946000000000000085e+01
1.946000000000000085e+01
1.946000000000000085e+01
1.946999999999999886e+01
1.948000000000000043e+01
1.946000000000000085e+01
1.944999999999999929e+01
1.942999999999999972e+01
1.937000000000000099e+01
1.939999999999999858e+01
1.939000000000000057e+01
1.939999999999999858e+01
1.937999999999999901e+01
1.935000000000000142e+01
1.933999999999999986e+01
1.932999999999999829e+01
1.935000000000000142e+01
1.937999999999999901e+01
1.939000000000000057e+01
1.937000000000000099e+01
1.937000000000000099e+01
1.935000000000000142e+01
1.937000000000000099e+01
1.937000000000000099e+01
1.935000000000000142e+01
1.935000000000000142e+01
1.935999999999999943e+01
1.933999999999999986e+01
1.933999999999999986e+01
1.933999999999999986e+01
1.933999999999999986e+01
1.930999999999999872e+01
1.930999999999999872e+01
1.932999999999999829e+01
1.935999999999999943e+01
1.937999999999999901e+01
1.937000000000000099e+01
1.932999999999999829e+01
1.932999999999999829e+01
1.935000000000000142e+01
1.937000000000000099e+01
1.935999999999999943e+01
1.932999999999999829e+01
1.932999999999999829e+01
1.930999999999999872e+01
1.932000000000000028e+01
1.932000000000000028e+01
1.932000000000000028e+01
1.926999999999999957e+01
1.926000000000000156e+01
1.928000000000000114e+01
1.932000000000000028e+01
1.932000000000000028e+01
1.932000000000000028e+01
1.935999999999999943e+01
1.935999999999999943e+01
1.935999999999999943e+01
1.932000000000000028e+01
1.928000000000000114e+01
1.930000000000000071e+01
1.926000000000000156e+01
1.926999999999999957e+01
1.928000000000000114e+01
1.930000000000000071e+01
1.930000000000000071e+01
1.928000000000000114e+01
1.930000000000000071e+01
1.928000000000000114e+01
1.928999999999999915e+01
1.930999999999999872e+01
1.932000000000000028e+01
1.932000000000000028e+01
1.932999999999999829e+01
1.932000000000000028e+01
1.932000000000000028e+01
1.928999999999999915e+01
1.928999999999999915e+01
1.926999999999999957e+01
1.928000000000000114e+01
1.926999999999999957e+01
1.926000000000000156e+01
1.926999999999999957e+01
1.923999999999999844e+01
1.923999999999999844e+01
1.921999999999999886e+01
1.921999999999999886e+01
1.921999999999999886e+01
1.919999999999999929e+01
1.917000000000000171e+01
1.916000000000000014e+01
1.916000000000000014e+01
1.910999999999999943e+01
1.910000000000000142e+01
1.908999999999999986e+01
1.907000000000000028e+01
1.907999999999999829e+01
1.910000000000000142e+01
1.910000000000000142e+01
1.912999999999999901e+01
1.912000000000000099e+01
1.912000000000000099e+01
1.910000000000000142e+01
1.908999999999999986e+01
1.908999999999999986e+01
1.908999999999999986e+01
1.907999999999999829e+01
1.912000000000000099e+01
1.912999999999999901e+01
1.921000000000000085e+01
1.919000000000000128e+01
1.914999999999999858e+01
1.914999999999999858e+01
1.914000000000000057e+01
1.912999999999999901e+01
1.912000000000000099e+01
1.914000000000000057e+01
1.914000000000000057e+01
1.914000000000000057e+01
1.914000000000000057e+01
1.917000000000000171e+01
1.919000000000000128e+01
1.919000000000000128e+01
1.919000000000000128e+01
1.917999999999999972e+01
1.919999999999999929e+01
1.917999999999999972e+01
1.917999999999999972e+01
1.919999999999999929e+01
1.919999999999999929e+01
1.919999999999999929e+01
1.919000000000000128e+01
1.921000000000000085e+01
1.923000000000000043e+01
1.923999999999999844e+01
1.923000000000000043e+01
1.919000000000000128e+01
1.919000000000000128e+01
1.921999999999999886e+01
1.921000000000000085e+01
1.917999999999999972e+01
1.917999999999999972e+01
1.917999999999999972e+01
1.919999999999999929e+01
1.919000000000000128e+01
1.917999999999999972e+01
1.917000000000000171e+01
1.917000000000000171e+01
1.914999999999999858e+01
1.919999999999999929e+01
1.917999999999999972e+01
1.912000000000000099e+01
1.912999999999999901e+01
1.910999999999999943e+01
1.912000000000000099e+01
1.912999999999999901e+01
1.912999999999999901e+01
1.914000000000000057e+01
1.919000000000000128e+01
1.923000000000000043e+01
1.921000000000000085e+01
1.925000000000000000e+01
1.926000000000000156e+01
1.925000000000000000e+01
1.921999999999999886e+01
1.919000000000000128e+01
1.921000000000000085e+01
1.921999999999999886e+01
1.921999999999999886e+01
1.923000000000000043e+01
1.919999999999999929e+01
1.919999999999999929e+01
1.919000000000000128e+01
1.919000000000000128e+01
1.919000000000000128e+01
1.917999999999999972e+01
1.921000000000000085e+01
1.921999999999999886e+01
1.923999999999999844e+01
1.923000000000000043e+01
1.925000000000000000e+01
1.926999999999999957e+01
1.926999999999999957e+01
1.926000000000000156e+01
1.926999999999999957e+01
1.928000000000000114e+01
1.930999999999999872e+01
1.930999999999999872e+01
1.932000000000000028e+01
1.937000000000000099e+01
1.937999999999999901e+01
1.939999999999999858e+01
1.942999999999999972e+01
1.946000000000000085e+01
1.946000000000000085e+01
1.944000000000000128e+01
1.942000000000000171e+01
1.942000000000000171e+01
1.942000000000000171e+01
1.939000000000000057e+01
1.941000000000000014e+01
1.942000000000000171e+01
1.941000000000000014e+01
1.942000000000000171e+01
1.942999999999999972e+01
1.942000000000000171e+01
1.942999999999999972e+01
1.941000000000000014e+01
1.941000000000000014e+01
1.939000000000000057e+01
1.939999999999999858e+01
1.942999999999999972e+01
1.942999999999999972e+01
1.944999999999999929e+01
1.948000000000000043e+01
1.948000000000000043e+01
1.948000000000000043e+01
1.948000000000000043e+01
1.948999999999999844e+01
1.950000000000000000e+01
1.948999999999999844e+01
1.948999999999999844e+01
1.953000000000000114e+01
1.953000000000000114e+01
1.953000000000000114e+01
1.951999999999999957e+01
1.951000000000000156e+01
1.950000000000000000e+01
1.948000000000000043e+01
1.948000000000000043e+01
1.948000000000000043e+01
1.948000000000000043e+01
1.948999999999999844e+01
1.948999999999999844e+01
1.948000000000000043e+01
1.946999999999999886e+01
1.950000000000000000e+01
1.950000000000000000e+01
1.950000000000000000e+01
1.950000000000000000e+01
1.951000000000000156e+01
1.951000000000000156e+01
1.948999999999999844e+01
1.948999999999999844e+01
1.951999999999999957e+01
1.953999999999999915e+01
1.955000000000000071e+01
1.955000000000000071e+01
1.957000000000000028e+01
1.953000000000000114e+01
1.951999999999999957e+01
1.957999999999999829e+01
1.958999999999999986e+01
1.957000000000000028e+01
1.957000000000000028e+01
1.955999999999999872e+01
1.955000000000000071e+01
1.953999999999999915e+01
1.953000000000000114e+01
1.953000000000000114e+01
1.953000000000000114e+01
1.951999999999999957e+01
1.950000000000000000e+01
1.951000000000000156e+01
1.950000000000000000e+01
1.951999999999999957e+01
1.950000000000000000e+01
1.948000000000000043e+01
1.950000000000000000e+01
1.946999999999999886e+01
1.948999999999999844e+01
1.946999999999999886e+01
1.944999999999999929e+01
1.944999999999999929e+01
1.944999999999999929e+01
1.942000000000000171e+01
1.942999999999999972e+01
1.942000000000000171e+01
1.941000000000000014e+01
1.939000000000000057e+01
1.937000000000000099e+01
1.932999999999999829e+01
1.932000000000000028e+01
1.932999999999999829e+01
1.930000000000000071e+01
1.928999999999999915e+01
1.928999999999999915e+01
1.930000000000000071e+01
1.930999999999999872e+01
1.928999999999999915e+01
1.928000000000000114e+01
1.925000000000000000e+01
1.926999999999999957e+01
1.923999999999999844e+01
1.923999999999999844e+01
1.926999999999999957e+01
1.928000000000000114e+01
1.926000000000000156e+01
1.923999999999999844e+01
1.926999999999999957e+01
1.925000000000000000e+01
1.921999999999999886e+01
1.923999999999999844e+01
1.921000000000000085e+01
1.919999999999999929e+01
1.919000000000000128e+01
1.921000000000000085e+01
1.919999999999999929e+01
1.919999999999999929e+01
1.923000000000000043e+01
1.923999999999999844e+01
1.923999999999999844e+01
1.921999999999999886e+01
1.923000000000000043e+01
1.921999999999999886e+01
1.921999999999999886e+01
1.921999999999999886e+01
1.921000000000000085e+01
1.921000000000000085e+01
1.919999999999999929e+01
1.917999999999999972e+01
1.916000000000000014e+01
1.914000000000000057e+01
1.912999999999999901e+01
1.916000000000000014e+01
1.914999999999999858e+01
1.917999999999999972e+01
1.914000000000000057e+01
1.916000000000000014e+01
1.917000000000000171e+01
1.914999999999999858e+01
1.916000000000000014e+01
1.914999999999999858e+01
1.914999999999999858e+01
1.914000000000000057e+01
1.916000000000000014e+01
1.914999999999999858e+01
1.916000000000000014e+01
1.914999999999999858e+01
1.914999999999999858e+01
1.912999999999999901e+01
1.910999999999999943e+01
1.914000000000000057e+01
1.914999999999999858e+01
1.914000000000000057e+01
1.914999999999999858e+01
1.912000000000000099e+01
1.910999999999999943e+01
1.908999999999999986e+01
1.912000000000000099e+01
1.916000000000000014e+01
1.914999999999999858e+01
1.914000000000000057e+01
1.917000000000000171e+01
1.917000000000000171e+01
1.917000000000000171e+01
1.917000000000000171e+01
1.919000000000000128e+01
1.919000000000000128e+01
1.919000000000000128e+01
1.916000000000000014e+01
1.916000000000000014e+01
1.916000000000000014e+01
1.914000000000000057e+01
1.914999999999999858e+01
1.916000000000000014e+01
1.916000000000000014e+01
1.917999999999999972e+01
1.916000000000000014e+01
1.919000000000000128e+01
1.917000000000000171e+01
1.917999999999999972e+01
1.919999999999999929e+01
1.919999999999999929e+01
1.921000000000000085e+01
1.923999999999999844e+01
1.923999999999999844e+01
1.926000000000000156e+01
1.925000000000000000e+01
1.928999999999999915e+01
1.930000000000000071e+01
1.932999999999999829e+01
1.932000000000000028e+01
1.935000000000000142e+01
1.939000000000000057e+01
1.939000000000000057e+01
1.939000000000000057e+01
1.939000000000000057e+01
1.939000000000000057e+01
1.937000000000000099e+01
1.937999999999999901e+01
1.939999999999999858e+01
1.939000000000000057e+01
1.941000000000000014e+01
1.941000000000000014e+01
1.939999999999999858e+01
1.941000000000000014e+01
1.941000000000000014e+01
1.942999999999999972e+01
1.941000000000000014e+01
1.942999999999999972e+01
1.944999999999999929e+01
1.942999999999999972e+01
1.946999999999999886e+01
1.946000000000000085e+01
1.948999999999999844e+01
1.946999999999999886e+01
1.946999999999999886e+01
1.948000000000000043e+01
1.942999999999999972e+01
1.942999999999999972e+01
1.944999999999999929e+01
1.946000000000000085e+01
1.942999999999999972e+01
1.942999999999999972e+01
1.944999999999999929e+01
1.944000000000000128e+01
1.944999999999999929e+01
1.944000000000000128e+01
1.939999999999999858e+01
1.941000000000000014e+01
1.944000000000000128e+01
1.944999999999999929e+01
1.946000000000000085e+01
1.944000000000000128e+01
1.944999999999999929e+01
1.942999999999999972e+01
1.948999999999999844e+01
1.946000000000000085e+01
1.944999999999999929e+01
1.944999999999999929e+01
1.942999999999999972e+01
1.939999999999999858e+01
1.941000000000000014e+01
1.942000000000000171e+01
1.941000000000000014e+01
1.939999999999999858e+01
1.937000000000000099e+01
1.939000000000000057e+01
1.939000000000000057e+01
1.941000000000000014e+01
1.942000000000000171e+01
1.942000000000000171e+01
1.939000000000000057e+01
1.939000000000000057e+01
1.939000000000000057e+01
1.941000000000000014e+01
1.942999999999999972e+01
1.942000000000000171e+01
1.941000000000000014e+01
1.939999999999999858e+01
1.941000000000000014e+01
1.941000000000000014e+01
1.942000000000000171e+01
1.942000000000000171e+01
1.939999999999999858e+01
1.939999999999999858e+01
1.939999999999999858e+01
1.939000000000000057e+01
1.937999999999999901e+01
1.941000000000000014e+01
1.941000000000000014e+01
1.941000000000000014e+01
1.942000000000000171e+01
1.944000000000000128e+01
1.944000000000000128e+01
1.944999999999999929e+01
1.944000000000000128e+01
1.944000000000000128e+01
1.944999999999999929e+01
1.948000000000000043e+01
1.948999999999999844e+01
1.948000000000000043e+01
1.948000000000000043e+01
1.946999999999999886e+01
1.946999999999999886e+01
1.946000000000000085e+01
1.944999999999999929e+01
1.944999999999999929e+01
1.944000000000000128e+01
1.942000000000000171e+01
1.942000000000000171e+01
1.942999999999999972e+01
1.942000000000000171e+01
1.941000000000000014e+01
1.942999999999999972e+01
1.942000000000000171e+01
1.941000000000000014e+01
1.937999999999999901e+01
1.939999999999999858e+01
1.939000000000000057e+01
1.939999999999999858e+01
1.937999999999999901e+01
1.937000000000000099e+01
1.939000000000000057e+01
1.937999999999999901e+01
1.937000000000000099e+01
1.937999999999999901e+01
1.937999999999999901e+01
1.937999999999999901e+01
1.937000000000000099e+01
1.937000000000000099e+01
1.939000000000000057e+01
1.939000000000000057e+01
1.941000000000000014e+01
1.939999999999999858e+01
1.941000000000000014e+01
1.941000000000000014e+01
1.937999999999999901e+01
1.942000000000000171e+01
1.939999999999999858e+01
1.937999999999999901e+01
1.939999999999999858e+01
1.942000000000000171e+01
1.944000000000000128e+01
1.939000000000000057e+01
1.937000000000000099e+01
1.937000000000000099e+01
1.933999999999999986e+01
1.939000000000000057e+01
1.939999999999999858e+01
1.939000000000000057e+01
1.939000000000000057e+01
1.939000000000000057e+01
1.941000000000000014e+01
1.941000000000000014e+01
1.941000000000000014e+01
1.939999999999999858e+01
1.942999999999999972e+01
1.944000000000000128e+01
1.946000000000000085e+01
1.941000000000000014e+01
1.944999999999999929e+01
1.942999999999999972e+01
1.942999999999999972e+01
1.942000000000000171e+01
1.944000000000000128e+01
1.944000000000000128e+01
1.944999999999999929e+01
1.944000000000000128e+01
1.944999999999999929e+01
1.946000000000000085e+01
1.944999999999999929e+01
1.948000000000000043e+01
1.946000000000000085e+01
1.946000000000000085e+01
1.946000000000000085e+01
1.944000000000000128e+01
1.942000000000000171e+01
1.944999999999999929e+01
1.944000000000000128e+01
1.939999999999999858e+01
1.939999999999999858e+01
1.937999999999999901e+01
1.937999999999999901e+01
1.939000000000000057e+01
1.939999999999999858e+01
1.937999999999999901e+01
1.939000000000000057e+01
1.939999999999999858e+01
1.942000000000000171e+01
1.942000000000000171e+01
1.942999999999999972e+01
1.944999999999999929e+01
1.944999999999999929e+01
1.944000000000000128e+01
1.942000000000000171e+01
1.942999999999999972e+01
1.944999999999999929e+01
1.942999999999999972e+01
1.939999999999999858e+01
1.939999999999999858e+01
1.941000000000000014e+01
1.942000000000000171e+01
1.942000000000000171e+01
1.942000000000000171e+01
1.942999999999999972e+01
1.942000000000000171e+01
1.942000000000000171e+01
1.942000000000000171e+01
1.944000000000000128e+01
1.942999999999999972e+01
1.944000000000000128e+01
1.942999999999999972e+01
1.942000000000000171e+01
1.941000000000000014e+01
1.942999999999999972e+01
1.942000000000000171e+01
1.942999999999999972e+01
1.944000000000000128e+01
1.942999999999999972e+01
1.941000000000000014e+01
1.942999999999999972e+01
1.942000000000000171e+01
1.941000000000000014e+01
1.941000000000000014e+01
1.942000000000000171e+01
1.942000000000000171e+01
1.942000000000000171e+01
1.942000000000000171e+01
1.942000000000000171e+01
1.941000000000000014e+01
1.939000000000000057e+01
1.939000000000000057e+01
1.937999999999999901e+01
1.937999999999999901e+01
1.937000000000000099e+01
1.939000000000000057e+01
1.937999999999999901e+01
1.937999999999999901e+01
1.939999999999999858e+01
1.939999999999999858e+01
1.939999999999999858e+01
1.937999999999999901e+01
1.935000000000000142e+01
1.937999999999999901e+01
1.941000000000000014e+01
1.939000000000000057e+01
1.942999999999999972e+01
1.939000000000000057e+01
1.939000000000000057e+01
1.939000000000000057e+01
1.937000000000000099e+01
1.935000000000000142e+01
1.928999999999999915e+01
1.928000000000000114e+01
1.928000000000000114e+01
1.921999999999999886e+01
1.921000000000000085e+01
1.919999999999999929e+01
1.919999999999999929e+01
1.928000000000000114e+01
1.926999999999999957e+01
1.928000000000000114e+01
1.926000000000000156e+01
1.928999999999999915e+01
1.928999999999999915e+01
1.930999999999999872e+01
1.930999999999999872e+01
1.932999999999999829e+01
1.930999999999999872e+01
1.930000000000000071e+01
1.932000000000000028e+01
1.930999999999999872e+01
1.930999999999999872e+01
1.930000000000000071e+01
1.932000000000000028e+01
1.932000000000000028e+01
1.937000000000000099e+01
1.937000000000000099e+01
1.939000000000000057e+01
1.942000000000000171e+01
1.941000000000000014e+01
1.942000000000000171e+01
1.939999999999999858e+01
1.941000000000000014e+01
1.939999999999999858e+01
1.939999999999999858e+01
1.941000000000000014e+01
1.942000000000000171e+01
1.937000000000000099e+01
1.937000000000000099e+01
1.935999999999999943e+01
1.932999999999999829e+01
1.933999999999999986e+01
1.935000000000000142e+01
1.935999999999999943e+01
1.935000000000000142e+01
1.933999999999999986e+01
1.935000000000000142e+01
1.935999999999999943e+01
1.935999999999999943e+01
1.935999999999999943e+01
1.935999999999999943e+01
1.935000000000000142e+01
1.935999999999999943e+01
1.935999999999999943e+01
1.933999999999999986e+01
1.935000000000000142e+01
1.935000000000000142e+01
1.935000000000000142e+01
1.933999999999999986e+01
1.932999999999999829e+01
1.933999999999999986e+01
1.933999999999999986e+01
1.930000000000000071e+01
1.926999999999999957e+01
1.926000000000000156e+01
1.926000000000000156e+01
1.926000000000000156e+01
1.928000000000000114e+01
1.928999999999999915e+01
1.923000000000000043e+01
1.921000000000000085e+01
1.921999999999999886e+01
1.925000000000000000e+01
1.923999999999999844e+01
1.925000000000000000e+01
1.926000000000000156e+01
1.928000000000000114e+01
1.928999999999999915e+01
1.930999999999999872e+01
1.930000000000000071e+01
1.930000000000000071e+01
1.926999999999999957e+01
1.926999999999999957e+01
1.926999999999999957e+01
1.921999999999999886e+01
1.919999999999999929e+01
1.919999999999999929e+01
1.917999999999999972e+01
1.919000000000000128e+01
1.914000000000000057e+01
1.917000000000000171e+01
1.917999999999999972e+01
1.919000000000000128e+01
1.917999999999999972e+01
1.919999999999999929e+01
1.917999999999999972e+01
1.921000000000000085e+01
1.919999999999999929e+01
1.921000000000000085e+01
1.923000000000000043e+01
1.923000000000000043e+01
1.928000000000000114e+01
1.926999999999999957e+01
1.928999999999999915e+01
1.933999999999999986e+01
1.933999999999999986e+01
1.932999999999999829e+01
1.926999999999999957e+01
1.926000000000000156e+01
1.923000000000000043e+01
1.921999999999999886e+01
1.923999999999999844e+01
1.923000000000000043e+01
1.921999999999999886e+01
1.921999999999999886e+01
1.921000000000000085e+01
1.916000000000000014e+01
1.919000000000000128e+01
1.919999999999999929e+01
1.919999999999999929e+01
1.919999999999999929e+01
1.923000000000000043e+01
1.921000000000000085e+01
1.919999999999999929e+01
1.921999999999999886e+01
1.921000000000000085e+01
1.919000000000000128e+01
1.917999999999999972e+01
1.914000000000000057e+01
1.914999999999999858e+01
1.914000000000000057e+01
1.917000000000000171e+01
1.917000000000000171e+01
1.914999999999999858e+01
1.917000000000000171e+01
1.917000000000000171e+01
1.916000000000000014e+01
1.919999999999999929e+01
1.919999999999999929e+01
1.921999999999999886e+01
1.923000000000000043e+01
1.921000000000000085e+01
1.919999999999999929e+01
1.921000000000000085e+01
1.919000000000000128e+01
1.917999999999999972e+01
1.916000000000000014e+01
1.917000000000000171e+01
1.916000000000000014e+01
1.917000000000000171e+01
1.917000000000000171e+01
1.916000000000000014e+01
1.914000000000000057e+01
1.912999999999999901e+01
1.914000000000000057e+01
1.914999999999999858e+01
1.914999999999999858e+01
1.912999999999999901e+01
1.914000000000000057e+01
1.912999999999999901e+01
1.914000000000000057e+01
1.914999999999999858e+01
1.919999999999999929e+01
1.921000000000000085e+01
1.923000000000000043e+01
1.925000000000000000e+01
1.923999999999999844e+01
1.923000000000000043e+01
1.923000000000000043e+01
1.928000000000000114e+01
1.932000000000000028e+01
1.932000000000000028e+01
1.930000000000000071e+01
1.930000000000000071e+01
1.928000000000000114e+01
1.925000000000000000e+01
1.925000000000000000e+01
1.923999999999999844e+01
1.923000000000000043e+01
1.926000000000000156e+01
1.925000000000000000e+01
1.928999999999999915e+01
1.928000000000000114e+01
1.928999999999999915e+01
1.932000000000000028e+01
1.937000000000000099e+01
1.937000000000000099e+01
1.937999999999999901e+01
1.937000000000000099e+01
1.941000000000000014e+01
1.937999999999999901e+01
1.937999999999999901e+01
1.939000000000000057e+01
1.939999999999999858e+01
1.941000000000000014e+01
1.937999999999999901e+01
1.937000000000000099e+01
1.935000000000000142e+01
1.933999999999999986e+01
1.932000000000000028e+01
1.933999999999999986e+01
1.932999999999999829e+01
1.933999999999999986e+01
1.932999999999999829e+01
1.935000000000000142e+01
1.935999999999999943e+01
1.932000000000000028e+01
1.935999999999999943e+01
1.935000000000000142e+01
1.937999999999999901e+01
1.939999999999999858e+01
1.939000000000000057e+01
1.939000000000000057e+01
1.939999999999999858e+01
1.939000000000000057e+01
1.937999999999999901e+01
1.942999999999999972e+01
1.939000000000000057e+01
1.939000000000000057e+01
1.937999999999999901e+01
1.939000000000000057e+01
1.937000000000000099e+01
1.941000000000000014e+01
1.939999999999999858e+01
1.937999999999999901e+01
1.939000000000000057e+01
1.939000000000000057e+01
1.937999999999999901e+01
1.942999999999999972e+01
1.942000000000000171e+01
1.944000000000000128e+01
1.937000000000000099e+01
1.935999999999999943e+01
1.935999999999999943e+01
1.928999999999999915e+01
1.928999999999999915e+01
1.928999999999999915e+01
1.928000000000000114e+01
1.928000000000000114e+01
1.926999999999999957e+01
1.926999999999999957e+01
1.926999999999999957e+01
1.928000000000000114e+01
1.928000000000000114e+01
1.930000000000000071e+01
1.930999999999999872e+01
1.932999999999999829e+01
1.932999999999999829e+01
1.932999999999999829e+01
1.928999999999999915e+01
1.928000000000000114e+01
1.930999999999999872e+01
1.930000000000000071e+01
1.930999999999999872e+01
1.933999999999999986e+01
1.932999999999999829e+01
1.932999999999999829e+01
1.935000000000000142e+01
1.935999999999999943e+01
1.935999999999999943e+01
1.932000000000000028e+01
1.930999999999999872e+01
1.930000000000000071e+01
1.928999999999999915e+01
1.928000000000000114e+01
1.928000000000000114e+01
1.930000000000000071e+01
1.928000000000000114e+01
1.928000000000000114e+01
1.928999999999999915e+01
1.930000000000000071e+01
1.923999999999999844e+01
1.923999999999999844e+01
1.926000000000000156e+01
1.926000000000000156e+01
1.926999999999999957e+01
1.923000000000000043e+01
1.921000000000000085e+01
1.921999999999999886e+01
1.919000000000000128e+01
1.919999999999999929e+01
1.917999999999999972e+01
1.917000000000000171e+01
1.917000000000000171e+01
1.914999999999999858e+01
1.914999999999999858e+01
1.914000000000000057e+01
1.914999999999999858e+01
1.914999999999999858e+01
1.912999999999999901e+01
1.914000000000000057e+01
1.914000000000000057e+01
1.912000000000000099e+01
1.910999999999999943e+01
1.908999999999999986e+01
1.910999999999999943e+01
1.910000000000000142e+01
1.912000000000000099e+01
1.910000000000000142e+01
1.912999999999999901e+01
1.912999999999999901e+01
1.912999999999999901e+01
1.914000000000000057e+01
1.914000000000000057e+01
1.914000000000000057e+01
1.914000000000000057e+01
1.917999999999999972e+01
1.919000000000000128e+01
1.921000000000000085e+01
1.921000000000000085e+01
1.921000000000000085e+01
1.921000000000000085e+01
1.921000000000000085e+01
1.921999999999999886e+01
1.923000000000000043e+01
1.923000000000000043e+01
1.923999999999999844e+01
1.926999999999999957e+01
1.925000000000000000e+01
1.921999999999999886e+01
1.919999999999999929e+01
1.921000000000000085e+01
1.919000000000000128e+01
1.916000000000000014e+01
1.916000000000000014e+01
1.914000000000000057e+01
1.912999999999999901e+01
1.914000000000000057e+01
1.912999999999999901e+01
1.912000000000000099e+01
1.910999999999999943e+01
1.917000000000000171e+01
1.917999999999999972e+01
1.921000000000000085e+01
1.926999999999999957e+01
1.921999999999999886e+01
1.921999999999999886e+01
1.919999999999999929e+01
1.917999999999999972e+01
1.914000000000000057e+01
1.914000000000000057e+01
1.914000000000000057e+01
1.912999999999999901e+01
1.912999999999999901e+01
1.912000000000000099e+01
1.912000000000000099e+01
1.912000000000000099e+01
1.908999999999999986e+01
1.907999999999999829e+01
1.910999999999999943e+01
1.912999999999999901e+01
1.907999999999999829e+01
1.908999999999999986e+01
1.903000000000000114e+01
1.901000000000000156e+01
1.898999999999999844e+01
1.898999999999999844e+01
1.898000000000000043e+01
1.896999999999999886e+01
1.898000000000000043e+01
1.901000000000000156e+01
1.901000000000000156e+01
1.901999999999999957e+01
1.903000000000000114e+01
1.901999999999999957e+01
1.900000000000000000e+01
1.898000000000000043e+01
1.901000000000000156e+01
1.900000000000000000e+01
1.900000000000000000e+01
1.898999999999999844e+01
1.903000000000000114e+01
1.903999999999999915e+01
1.903999999999999915e+01
1.905999999999999872e+01
1.907999999999999829e+01
1.912000000000000099e+01
1.912999999999999901e+01
1.912000000000000099e+01
1.916000000000000014e+01
1.914999999999999858e+01
1.912000000000000099e+01
1.914000000000000057e+01
1.912000000000000099e+01
1.917000000000000171e+01
1.917000000000000171e+01
1.917000000000000171e+01
1.914000000000000057e+01
1.914999999999999858e+01
1.914999999999999858e+01
1.916000000000000014e+01
1.916000000000000014e+01
1.917000000000000171e+01
1.917999999999999972e+01
1.919999999999999929e+01
1.921999999999999886e+01
1.923000000000000043e+01
1.923000000000000043e+01
1.925000000000000000e+01
1.925000000000000000e+01
1.925000000000000000e+01
1.926000000000000156e+01
1.923999999999999844e+01
1.926000000000000156e+01
1.923999999999999844e+01
1.923999999999999844e+01
1.925000000000000000e+01
1.926999999999999957e+01
1.926000000000000156e+01
1.926000000000000156e+01
1.921999999999999886e+01
1.921999999999999886e+01
1.919999999999999929e+01
1.919000000000000128e+01
1.917000000000000171e+01
1.919000000000000128e+01
1.917000000000000171e+01
1.917999999999999972e+01
1.917999999999999972e+01
1.919000000000000128e+01
1.921000000000000085e+01
1.921000000000000085e+01
1.919000000000000128e+01
1.923999999999999844e+01
1.925000000000000000e+01
1.926999999999999957e+01
1.928999999999999915e+01
1.928999999999999915e+01
1.923999999999999844e+01
1.925000000000000000e+01
1.925000000000000000e+01
1.923999999999999844e+01
1.923999999999999844e+01
1.923000000000000043e+01
1.923000000000000043e+01
1.926999999999999957e+01
1.928000000000000114e+01
1.930999999999999872e+01
1.932999999999999829e+01
1.937000000000000099e+01
1.937999999999999901e+01
1.939999999999999858e+01
1.941000000000000014e+01
1.941000000000000014e+01
1.941000000000000014e+01
1.939999999999999858e+01
1.939999999999999858e+01
1.944000000000000128e+01
1.946000000000000085e+01
1.946000000000000085e+01
1.944999999999999929e+01
1.948999999999999844e+01
1.950000000000000000e+01
1.953999999999999915e+01
1.953000000000000114e+01
1.953999999999999915e+01
1.953999999999999915e+01
1.953000000000000114e+01
1.953999999999999915e+01
1.955000000000000071e+01
1.955999999999999872e+01
1.957000000000000028e+01
1.955000000000000071e+01
1.955000000000000071e+01
1.955000000000000071e+01
1.955000000000000071e+01
1.955000000000000071e+01
1.955000000000000071e+01
1.955999999999999872e+01
1.953999999999999915e+01
1.953000000000000114e+01
1.953000000000000114e+01
1.953999999999999915e+01
1.950000000000000000e+01
1.948000000000000043e+01
1.946000000000000085e+01
1.944000000000000128e+01
1.944999999999999929e+01
1.944000000000000128e+01
1.942000000000000171e+01
1.939999999999999858e+01
1.944999999999999929e+01
1.944000000000000128e+01
1.944000000000000128e+01
1.944000000000000128e+01
1.944000000000000128e+01
1.944000000000000128e+01
1.944000000000000128e+01
1.941000000000000014e+01
1.939999999999999858e+01
1.935999999999999943e+01
1.935999999999999943e+01
1.932000000000000028e+01
1.932000000000000028e+01
1.930000000000000071e+01
1.926999999999999957e+01
1.928000000000000114e+01
1.928999999999999915e+01
1.928999999999999915e+01
1.926999999999999957e+01
1.926000000000000156e+01
1.926999999999999957e+01
1.928000000000000114e+01
1.923999999999999844e+01
1.923999999999999844e+01
1.923999999999999844e+01
1.925000000000000000e+01
1.923000000000000043e+01
1.923999999999999844e+01
1.923999999999999844e+01
1.926000000000000156e+01
1.928000000000000114e+01
1.930000000000000071e+01
1.930000000000000071e+01
1.928999999999999915e+01
1.926000000000000156e+01
1.926999999999999957e+01
1.923000000000000043e+01
1.925000000000000000e+01
1.926000000000000156e+01
1.926000000000000156e+01
1.926000000000000156e+01
1.928999999999999915e+01
1.928000000000000114e+01
1.926999999999999957e+01
1.925000000000000000e+01
1.923999999999999844e+01
1.923999999999999844e+01
1.926999999999999957e+01
1.928000000000000114e+01
1.926999999999999957e+01
1.926000000000000156e+01
1.923999999999999844e+01
1.926000000000000156e+01
1.926000000000000156e+01
1.926000000000000156e+01
1.925000000000000000e+01
1.923000000000000043e+01
1.923000000000000043e+01
1.921000000000000085e+01
1.921999999999999886e+01
1.919999999999999929e+01
1.919999999999999929e+01
1.921000000000000085e+01
1.919999999999999929e+01
1.921000000000000085e+01
1.919999999999999929e+01
1.919000000000000128e+01
1.919000000000000128e+01
1.919000000000000128e+01
1.917999999999999972e+01
1.917999999999999972e+01
1.917000000000000171e+01
1.917999999999999972e+01
1.919999999999999929e+01
1.921999999999999886e+01
1.921999999999999886e+01
1.923000000000000043e+01
1.923000000000000043e+01
1.917999999999999972e+01
1.917999999999999972e+01
1.917000000000000171e+01
1.917999999999999972e+01
1.917000000000000171e+01
1.919000000000000128e+01
1.919000000000000128e+01
1.919000000000000128e+01
1.919999999999999929e+01
1.919000000000000128e+01
1.919999999999999929e+01
1.921999999999999886e+01
1.923000000000000043e+01
1.923000000000000043e+01
1.926000000000000156e+01
1.926000000000000156e+01
1.926999999999999957e+01
1.928000000000000114e+01
1.928999999999999915e+01
1.930000000000000071e+01
1.930999999999999872e+01
1.933999999999999986e+01
1.933999999999999986e+01
1.933999999999999986e+01
1.935000000000000142e+01
1.932999999999999829e+01
1.925000000000000000e+01
1.923000000000000043e+01
1.921999999999999886e+01
1.923000000000000043e+01
1.925000000000000000e+01
1.928000000000000114e+01
1.928000000000000114e+01
1.930000000000000071e+01
1.928000000000000114e+01
1.928999999999999915e+01
1.928999999999999915e+01
1.930000000000000071e+01
1.930000000000000071e+01
1.930999999999999872e+01
1.930999999999999872e+01
1.930999999999999872e+01
1.930000000000000071e+01
1.932000000000000028e+01
1.933999999999999986e+01
1.935000000000000142e+01
1.935000000000000142e+01
1.932999999999999829e+01
1.933999999999999986e+01
1.921000000000000085e+01
1.921000000000000085e+01
1.921999999999999886e+01
1.919999999999999929e+01
1.921000000000000085e+01
1.919999999999999929e+01
1.923000000000000043e+01
1.925000000000000000e+01
1.923000000000000043e+01
1.926000000000000156e+01
1.925000000000000000e+01
1.925000000000000000e+01
1.926000000000000156e+01
1.926999999999999957e+01
1.926999999999999957e+01
1.926000000000000156e+01
1.928000000000000114e+01
1.930000000000000071e+01
1.926999999999999957e+01
1.928000000000000114e+01
1.930000000000000071e+01
1.930000000000000071e+01
1.930999999999999872e+01
1.930000000000000071e+01
1.932000000000000028e+01
1.930000000000000071e+01
1.930000000000000071e+01
1.928999999999999915e+01
1.930000000000000071e+01
1.930000000000000071e+01
1.930999999999999872e+01
1.932000000000000028e+01
1.932000000000000028e+01
1.932999999999999829e+01
1.932000000000000028e+01
1.923000000000000043e+01
1.925000000000000000e+01
1.925000000000000000e+01
1.926000000000000156e+01
1.926999999999999957e+01
1.925000000000000000e+01
1.926000000000000156e+01
1.928000000000000114e+01
1.928000000000000114e+01
1.928999999999999915e+01
1.930000000000000071e+01
1.930999999999999872e+01
1.930999999999999872e+01
1.930000000000000071e+01
1.926999999999999957e+01
1.926000000000000156e+01
1.930000000000000071e+01
1.926999999999999957e+01
1.923999999999999844e+01
1.923000000000000043e+01
1.923000000000000043e+01
1.923000000000000043e+01
1.923000000000000043e+01
1.925000000000000000e+01
1.921999999999999886e+01
1.921999999999999886e+01
1.921000000000000085e+01
1.919000000000000128e+01
1.914999999999999858e+01
1.914000000000000057e+01
1.914000000000000057e+01
1.914999999999999858e+01
1.914999999999999858e+01
1.914000000000000057e+01
1.912999999999999901e+01
1.912999999999999901e+01
1.912999999999999901e+01
1.912999999999999901e+01
1.914000000000000057e+01
1.914999999999999858e+01
1.914999999999999858e+01
1.912999999999999901e+01
1.919000000000000128e+01
1.923000000000000043e+01
1.923999999999999844e+01
1.926999999999999957e+01
1.928000000000000114e+01
1.930000000000000071e+01
1.932000000000000028e+01
1.933999999999999986e+01
1.935000000000000142e+01
1.935999999999999943e+01
1.939000000000000057e+01
1.935999999999999943e+01
1.935000000000000142e+01
1.928999999999999915e+01
1.930000000000000071e+01
1.930999999999999872e+01
1.928999999999999915e+01
1.926999999999999957e+01
1.928000000000000114e+01
1.925000000000000000e+01
1.925000000000000000e+01
1.926000000000000156e+01
1.926999999999999957e+01
1.939000000000000057e+01
1.935999999999999943e+01
1.933999999999999986e+01
1.932999999999999829e+01
1.932000000000000028e+01
1.932999999999999829e+01
1.932000000000000028e+01
1.930999999999999872e+01
1.932999999999999829e+01
1.930999999999999872e+01
1.930999999999999872e+01
1.932000000000000028e+01
1.932000000000000028e+01
1.930000000000000071e+01
1.930000000000000071e+01
1.930000000000000071e+01
1.928000000000000114e+01
1.926000000000000156e+01
1.930000000000000071e+01
1.928000000000000114e+01
1.928000000000000114e+01
1.926999999999999957e+01
1.926000000000000156e+01
1.928999999999999915e+01
1.925000000000000000e+01
1.926000000000000156e+01
1.923999999999999844e+01
1.923000000000000043e+01
1.921000000000000085e+01
1.919000000000000128e+01
1.917999999999999972e+01
1.917999999999999972e+01
1.917999999999999972e+01
1.917999999999999972e+01
1.917999999999999972e+01
1.926000000000000156e+01
1.925000000000000000e+01
1.923999999999999844e+01
1.923999999999999844e+01
1.923000000000000043e+01
1.926000000000000156e+01
1.925000000000000000e+01
1.921000000000000085e+01
1.921000000000000085e+01
1.919000000000000128e+01
1.919000000000000128e+01
1.916000000000000014e+01
1.916000000000000014e+01
1.917999999999999972e+01
1.921000000000000085e+01
1.921000000000000085e+01
1.921000000000000085e+01
1.923000000000000043e+01
1.926999999999999957e+01
1.926999999999999957e+01
1.926999999999999957e+01
1.926000000000000156e+01
1.926999999999999957e+01
1.926000000000000156e+01
1.925000000000000000e+01
1.923999999999999844e+01
1.923000000000000043e+01
1.923999999999999844e+01
1.928999999999999915e+01
1.925000000000000000e+01
1.921999999999999886e+01
1.919999999999999929e+01
1.919999999999999929e+01
1.921000000000000085e+01
1.917999999999999972e+01
1.919000000000000128e+01
1.919000000000000128e+01
1.919999999999999929e+01
1.919999999999999929e+01
1.921000000000000085e+01
1.921000000000000085e+01
1.923999999999999844e+01
1.926999999999999957e+01
1.926000000000000156e+01
1.926999999999999957e+01
1.926999999999999957e+01
1.925000000000000000e+01
1.923000000000000043e+01
1.923000000000000043e+01
1.923999999999999844e+01
1.923000000000000043e+01
1.919999999999999929e+01
1.917999999999999972e+01
1.919000000000000128e+01
1.917000000000000171e+01
1.923000000000000043e+01
1.923000000000000043e+01
1.923000000000000043e+01
1.925000000000000000e+01
1.919000000000000128e+01
1.914000000000000057e+01
1.917000000000000171e+01
1.917000000000000171e+01
1.917999999999999972e+01
1.917999999999999972e+01
1.917999999999999972e+01
1.921000000000000085e+01
1.923000000000000043e+01
1.925000000000000000e+01
1.925000000000000000e+01
1.921999999999999886e+01
1.921000000000000085e+01
1.921999999999999886e+01
1.923000000000000043e+01
1.925000000000000000e+01
1.926999999999999957e+01
1.926000000000000156e+01
1.925000000000000000e+01
1.925000000000000000e+01
1.925000000000000000e+01
1.926000000000000156e+01
1.926999999999999957e+01
1.928000000000000114e+01
1.926999999999999957e+01
1.928000000000000114e+01
1.928000000000000114e+01
1.928999999999999915e+01
1.928000000000000114e+01
1.928999999999999915e+01
1.932999999999999829e+01
1.930999999999999872e+01
1.932999999999999829e+01
1.932000000000000028e+01
1.932999999999999829e+01
1.935999999999999943e+01
1.932999999999999829e+01
1.935000000000000142e+01
1.932999999999999829e+01
1.932999999999999829e+01
1.932999999999999829e+01
1.932000000000000028e+01
1.932999999999999829e+01
1.935000000000000142e+01
1.933999999999999986e+01
1.933999999999999986e+01
1.930999999999999872e+01
1.930999999999999872e+01
1.933999999999999986e+01
1.935000000000000142e+01
1.937999999999999901e+01
1.939000000000000057e+01
1.942000000000000171e+01
1.941000000000000014e+01
1.939000000000000057e+01
1.939000000000000057e+01
1.939999999999999858e+01
1.937000000000000099e+01
1.937999999999999901e+01
1.935999999999999943e+01
1.935999999999999943e+01
1.937000000000000099e+01
1.935999999999999943e+01
1.935999999999999943e+01
1.935999999999999943e+01
1.939000000000000057e+01
1.939999999999999858e+01
1.942000000000000171e+01
1.939999999999999858e+01
1.937999999999999901e+01
1.941000000000000014e+01
1.944000000000000128e+01
1.942999999999999972e+01
1.944000000000000128e+01
1.942999999999999972e+01
1.944000000000000128e+01
1.939000000000000057e+01
1.939000000000000057e+01
1.937000000000000099e+01
1.935999999999999943e+01
1.935000000000000142e+01
1.935000000000000142e+01
1.935000000000000142e+01
1.932999999999999829e+01
1.932000000000000028e+01
1.930999999999999872e+01
1.926999999999999957e+01
1.926999999999999957e+01
1.926000000000000156e+01
1.925000000000000000e+01
1.923000000000000043e+01
1.925000000000000000e+01
1.923000000000000043e+01
1.926000000000000156e+01
1.923000000000000043e+01
1.926000000000000156e+01
1.923999999999999844e+01
1.923000000000000043e+01
1.921999999999999886e+01
1.923000000000000043e+01
1.930000000000000071e+01
1.932999999999999829e+01
1.930999999999999872e+01
1.928000000000000114e+01
1.923000000000000043e+01
1.921999999999999886e+01
1.921000000000000085e+01
1.919000000000000128e+01
1.919000000000000128e+01
1.919999999999999929e+01
1.919999999999999929e+01
1.923999999999999844e+01
1.925000000000000000e+01
1.926000000000000156e+01
1.923000000000000043e+01
1.923999999999999844e+01
1.923999999999999844e+01
1.921999999999999886e+01
1.921000000000000085e+01
1.921000000000000085e+01
1.919000000000000128e+01
1.917999999999999972e+01
1.917999999999999972e+01
1.919999999999999929e+01
1.921000000000000085e+01
1.919999999999999929e+01
1.919000000000000128e+01
1.917999999999999972e+01
1.919999999999999929e+01
1.917000000000000171e+01
1.917999999999999972e+01
1.919999999999999929e+01
1.919000000000000128e+01
1.921000000000000085e+01
1.921999999999999886e+01
1.921000000000000085e+01
1.921000000000000085e+01
1.919000000000000128e+01
1.919000000000000128e+01
1.919000000000000128e+01
1.919000000000000128e+01
1.919999999999999929e+01
1.921000000000000085e+01
1.919000000000000128e+01
1.921000000000000085e+01
1.921999999999999886e+01
1.925000000000000000e+01
1.923000000000000043e+01
1.923000000000000043e+01
1.921000000000000085e+01
1.919999999999999929e+01
1.919999999999999929e+01
1.917000000000000171e+01
1.917999999999999972e+01
1.919000000000000128e+01
1.919999999999999929e+01
1.919999999999999929e+01
1.919999999999999929e+01
1.917999999999999972e+01
1.919999999999999929e+01
1.921999999999999886e+01
1.919000000000000128e+01
1.921000000000000085e+01
1.921999999999999886e+01
1.923000000000000043e+01
1.923000000000000043e+01
1.923000000000000043e+01
1.923000000000000043e+01
1.925000000000000000e+01
1.926999999999999957e+01
1.926999999999999957e+01
1.928000000000000114e+01
1.928999999999999915e+01
1.926000000000000156e+01
1.923000000000000043e+01
1.921000000000000085e+01
1.926000000000000156e+01
1.923999999999999844e+01
1.926000000000000156e+01
1.923999999999999844e+01
1.925000000000000000e+01
1.926000000000000156e+01
1.926000000000000156e+01
1.926000000000000156e+01
1.928000000000000114e+01
1.928999999999999915e+01
1.926000000000000156e+01
1.928000000000000114e+01
1.928000000000000114e+01
1.926999999999999957e+01
1.926999999999999957e+01
1.926999999999999957e+01
1.930999999999999872e+01
1.928999999999999915e+01
1.932999999999999829e+01
1.932000000000000028e+01
1.932999999999999829e+01
1.932000000000000028e+01
1.930000000000000071e+01
1.928999999999999915e+01
1.928000000000000114e+01
1.928999999999999915e+01
1.930000000000000071e+01
1.933999999999999986e+01
1.939000000000000057e+01
1.937000000000000099e+01
1.937999999999999901e+01
1.937000000000000099e+01
1.935000000000000142e+01
1.933999999999999986e+01
1.932999999999999829e+01
1.930000000000000071e+01
1.930999999999999872e+01
1.930000000000000071e+01
1.932999999999999829e+01
1.932000000000000028e+01
1.932000000000000028e+01
1.935000000000000142e+01
1.935000000000000142e+01
1.935999999999999943e+01
1.937999999999999901e+01
1.935000000000000142e+01
1.930999999999999872e+01
1.928999999999999915e+01
1.926000000000000156e+01
1.928000000000000114e+01
1.930000000000000071e+01
1.930000000000000071e+01
1.930999999999999872e+01
1.930999999999999872e+01
1.930999999999999872e+01
1.930999999999999872e+01
1.928000000000000114e+01
1.928999999999999915e+01
1.928000000000000114e+01
1.928999999999999915e+01
1.932000000000000028e+01
1.932999999999999829e+01
1.933999999999999986e+01
1.933999999999999986e+01
1.935000000000000142e+01
1.935999999999999943e+01
1.935000000000000142e+01
1.935999999999999943e+01
1.935000000000000142e+01
1.933999999999999986e+01
1.930999999999999872e+01
1.932999999999999829e+01
1.932999999999999829e+01
1.933999999999999986e+01
1.932999999999999829e+01
1.930999999999999872e+01
1.930999999999999872e+01
1.930000000000000071e+01
1.930000000000000071e+01
1.928000000000000114e+01
1.928000000000000114e+01
1.930999999999999872e+01
1.932999999999999829e+01
1.932000000000000028e+01
1.930000000000000071e+01
1.930999999999999872e+01
1.930000000000000071e+01
1.928999999999999915e+01
1.928999999999999915e+01
1.928999999999999915e+01
1.930000000000000071e+01
1.930000000000000071e+01
1.930000000000000071e+01
1.928999999999999915e+01
1.926000000000000156e+01
1.925000000000000000e+01
1.928000000000000114e+01
1.928999999999999915e+01
1.930000000000000071e+01
1.935000000000000142e+01
1.932999999999999829e+01
1.932999999999999829e+01
1.932999999999999829e+01
1.935999999999999943e+01
1.933999999999999986e+01
1.932999999999999829e+01
1.932999999999999829e+01
1.935000000000000142e+01
1.930999999999999872e+01
1.930999999999999872e+01
1.937000000000000099e+01
1.935999999999999943e+01
1.939000000000000057e+01
1.939999999999999858e+01
1.939999999999999858e+01
1.939999999999999858e+01
1.939999999999999858e+01
1.941000000000000014e+01
1.939999999999999858e+01
1.942000000000000171e+01
1.941000000000000014e+01
1.942999999999999972e+01
1.944999999999999929e+01
1.942999999999999972e+01
1.942000000000000171e+01
1.939999999999999858e+01
1.937000000000000099e+01
1.937000000000000099e+01
1.932999999999999829e+01
1.932999999999999829e+01
1.932999999999999829e+01
1.935999999999999943e+01
1.937000000000000099e+01
1.937999999999999901e+01
1.935999999999999943e+01
1.937999999999999901e+01
1.935000000000000142e+01
1.935999999999999943e+01
1.932999999999999829e+01
1.932999999999999829e+01
1.930000000000000071e+01
1.930000000000000071e+01
1.930999999999999872e+01
1.932000000000000028e+01
1.930999999999999872e+01
1.932000000000000028e+01
1.930999999999999872e+01
1.932000000000000028e+01
1.933999999999999986e+01
1.932999999999999829e+01
1.932000000000000028e+01
1.932000000000000028e+01
1.928999999999999915e+01
1.928999999999999915e+01
1.928999999999999915e+01
1.928999999999999915e+01
1.932999999999999829e+01
1.932000000000000028e+01
1.932999999999999829e+01
1.932999999999999829e+01
1.930999999999999872e+01
1.930999999999999872e+01
1.930999999999999872e+01
1.928999999999999915e+01
1.928000000000000114e+01
1.926999999999999957e+01
1.925000000000000000e+01
1.925000000000000000e+01
1.923999999999999844e+01
1.921000000000000085e+01
1.923000000000000043e+01
1.923999999999999844e+01
1.925000000000000000e+01
1.923000000000000043e+01
1.923000000000000043e+01
1.921000000000000085e+01
1.921999999999999886e+01
1.923999999999999844e+01
1.923999999999999844e+01
1.925000000000000000e+01
1.925000000000000000e+01
1.923000000000000043e+01
1.923000000000000043e+01
1.923999999999999844e+01
1.926000000000000156e+01
1.928999999999999915e+01
1.930000000000000071e+01
1.932000000000000028e+01
1.930999999999999872e+01
1.928999999999999915e+01
1.928000000000000114e+01
1.926000000000000156e+01
1.926999999999999957e+01
1.926000000000000156e+01
1.928000000000000114e+01
1.928000000000000114e+01
1.926000000000000156e+01
1.925000000000000000e+01
1.926000000000000156e+01
1.926000000000000156e+01
1.925000000000000000e+01
1.928000000000000114e+01
1.926999999999999957e+01
1.919999999999999929e+01
1.919999999999999929e+01
1.921000000000000085e+01
1.919999999999999929e+01
1.917999999999999972e+01
1.921999999999999886e+01
1.923000000000000043e+01
1.921999999999999886e+01
1.923000000000000043e+01
1.923000000000000043e+01
1.919000000000000128e+01
1.919000000000000128e+01
1.917999999999999972e+01
1.917999999999999972e+01
1.917999999999999972e+01
1.917999999999999972e+01
1.917000000000000171e+01
1.917000000000000171e+01
1.914999999999999858e+01
1.914999999999999858e+01
1.917000000000000171e+01
1.917999999999999972e+01
1.921999999999999886e+01
1.926999999999999957e+01
1.923999999999999844e+01
1.926000000000000156e+01
1.926999999999999957e+01
1.926999999999999957e+01
1.926999999999999957e+01
1.926999999999999957e+01
1.926000000000000156e+01
1.928000000000000114e+01
1.928000000000000114e+01
1.932000000000000028e+01
1.930999999999999872e+01
1.932999999999999829e+01
1.932000000000000028e+01
1.933999999999999986e+01
1.932000000000000028e+01
1.928999999999999915e+01
1.928000000000000114e+01
1.928000000000000114e+01
1.928000000000000114e+01
1.932000000000000028e+01
1.932000000000000028e+01
1.932000000000000028e+01
1.932999999999999829e+01
1.930999999999999872e+01
1.930999999999999872e+01
1.930999999999999872e+01
1.932000000000000028e+01
1.930000000000000071e+01
1.928999999999999915e+01
1.926999999999999957e+01
1.926999999999999957e+01
1.925000000000000000e+01
1.925000000000000000e+01
1.926999999999999957e+01
1.926000000000000156e+01
1.926000000000000156e+01
1.928000000000000114e+01
1.928000000000000114e+01
1.926999999999999957e+01
1.928000000000000114e+01
1.928999999999999915e+01
1.928000000000000114e+01
1.930999999999999872e+01
1.930999999999999872e+01
1.930000000000000071e+01
1.928999999999999915e+01
1.930000000000000071e+01
1.930000000000000071e+01
1.932999999999999829e+01
1.933999999999999986e+01
1.930999999999999872e+01
1.930999999999999872e+01
1.930999999999999872e+01
1.930999999999999872e+01
1.932999999999999829e+01
1.932000000000000028e+01
1.932999999999999829e+01
1.930999999999999872e+01
1.930000000000000071e+01
1.930999999999999872e+01
1.930999999999999872e+01
1.930999999999999872e+01
1.932999999999999829e+01
1.932000000000000028e+01
1.935000000000000142e+01
1.932999999999999829e+01
1.933999999999999986e+01
1.935000000000000142e+01
1.935000000000000142e+01
1.932999999999999829e+01
1.935999999999999943e+01
1.932999999999999829e+01
1.932999999999999829e+01
1.935999999999999943e+01
1.935000000000000142e+01
1.935000000000000142e+01
1.942000000000000171e+01
1.942999999999999972e+01
1.942999999999999972e+01
1.944000000000000128e+01
1.944999999999999929e+01
1.941000000000000014e+01
1.939999999999999858e+01
1.942000000000000171e+01
1.942000000000000171e+01
1.942000000000000171e+01
1.942999999999999972e+01
1.944999999999999929e+01
1.946000000000000085e+01
1.944999999999999929e+01
1.944999999999999929e+01
1.946000000000000085e+01
1.944000000000000128e+01
1.942999999999999972e+01
1.944999999999999929e+01
1.942999999999999972e+01
1.942000000000000171e+01
1.942999999999999972e+01
1.942000000000000171e+01
1.942000000000000171e+01
1.944999999999999929e+01
1.946000000000000085e+01
1.948000000000000043e+01
1.946999999999999886e+01
1.946999999999999886e+01
1.948999999999999844e+01
1.948999999999999844e+01
1.948999999999999844e+01
1.948999999999999844e+01
1.946999999999999886e+01
1.946999999999999886e+01
1.946999999999999886e+01
1.946000000000000085e+01
1.944999999999999929e+01
1.946999999999999886e+01
1.946999999999999886e+01
1.946999999999999886e+01
1.948999999999999844e+01
1.951000000000000156e+01
1.951999999999999957e+01
1.951000000000000156e+01
1.951000000000000156e+01
1.951000000000000156e+01
1.953999999999999915e+01
1.953999999999999915e+01
1.957000000000000028e+01
1.957999999999999829e+01
1.960000000000000142e+01
1.960999999999999943e+01
1.962999999999999901e+01
1.962999999999999901e+01
1.962999999999999901e+01
1.962999999999999901e+01
1.964000000000000057e+01
1.962000000000000099e+01
1.960999999999999943e+01
1.962000000000000099e+01
1.960999999999999943e+01
1.960999999999999943e+01
1.960999999999999943e+01
1.960000000000000142e+01
1.962999999999999901e+01
1.962000000000000099e+01
1.960999999999999943e+01
1.958999999999999986e+01
1.957999999999999829e+01
1.958999999999999986e+01
1.960000000000000142e+01
1.960000000000000142e+01
1.960000000000000142e+01
1.962999999999999901e+01
1.964000000000000057e+01
1.964999999999999858e+01
1.962999999999999901e+01
1.960999999999999943e+01
1.960999999999999943e+01
1.960999999999999943e+01
1.962999999999999901e+01
1.962999999999999901e+01
1.962999999999999901e+01
1.962000000000000099e+01
1.960000000000000142e+01
1.960000000000000142e+01
1.960999999999999943e+01
1.960999999999999943e+01
1.960999999999999943e+01
1.953999999999999915e+01
1.953999999999999915e+01
1.955000000000000071e+01
1.957999999999999829e+01
1.955000000000000071e+01
1.957999999999999829e+01
1.955999999999999872e+01
1.953000000000000114e+01
1.948000000000000043e+01
1.946999999999999886e+01
1.944000000000000128e+01
1.942999999999999972e+01
1.944000000000000128e+01
1.942999999999999972e+01
1.942999999999999972e+01
1.946000000000000085e+01
1.946999999999999886e+01
1.946000000000000085e+01
1.946999999999999886e+01
1.944999999999999929e+01
1.948000000000000043e+01
1.946999999999999886e+01
1.948000000000000043e+01
1.948999999999999844e+01
1.948999999999999844e+01
1.948000000000000043e+01
1.950000000000000000e+01
1.951000000000000156e+01
1.950000000000000000e+01
1.953999999999999915e+01
1.955000000000000071e+01
1.953999999999999915e+01
1.953999999999999915e+01
1.953000000000000114e+01
